#GO function	AUPRC	# of gene families for which a GO function was predicted at Pr>=50%
104	6.0E-4	0
105	0.0035	0
155	0.0084	0
160	0.0137	0
162	0.0021	0
166	0.1618	0
270	0.0167	0
271	0.0102	0
902	0.0056	0
910	0.0057	0
1514	3.0E-4	0
1539	0.0077	0
1882	0.1266	0
3676	0.1376	0
3677	0.0814	0
3700	0.0165	0
3723	0.0374	0
3735	0.0177	0
3755	0.0034	0
3774	0.004	0
3824	0.6467	3494
3861	6.0E-4	0
3899	0.0034	0
3916	0.0035	0
3918	0.0022	0
3924	0.0056	0
3954	0.0068	0
3989	9.0E-4	0
4129	0.0035	0
4333	7.0E-4	0
4375	6.0E-4	0
4386	0.0111	0
4497	0.0035	0
4518	0.034	0
4519	0.02	0
4527	0.0092	0
4540	0.0086	0
4553	0.0137	0
4672	0.0117	0
4673	0.0084	0
4733	0.001	0
4774	6.0E-4	0
4775	6.0E-4	0
4803	0.0036	0
4812	0.0094	0
4820	7.0E-4	0
4854	5.0E-4	0
4871	0.0168	0
4872	0.0101	0
5198	0.0215	0
5215	0.0829	0
5310	0.0017	0
5315	9.0E-4	0
5351	0.0046	0
5381	0.001	0
5402	0.0046	0
5488	0.4158	45
5507	0.0061	0
5524	0.1121	0
5525	0.0103	0
5618	0.0031	0
5622	0.1483	0
5623	0.2398	0
5694	0.0072	0
5737	0.1199	0
5829	0.0023	0
5840	0.0186	0
5886	0.075	0
5975	0.0604	0
5976	0.0139	0
5984	0.0011	0
5991	9.0E-4	0
5992	6.0E-4	0
6007	0.0054	0
6022	0.0118	0
6023	0.005	0
6024	0.005	0
6073	0.0029	0
6081	0.0032	0
6082	0.0824	0
6084	0.0016	0
6089	6.0E-4	0
6090	0.0023	0
6091	0.0222	0
6099	0.0045	0
6105	0.0033	0
6119	0.0082	0
6139	0.1975	0
6152	0.0295	0
6163	0.0445	0
6164	0.0126	0
6184	0.0056	0
6188	0.0036	0
6189	0.0035	0
6195	0.0303	0
6200	0.02	0
6220	0.0073	0
6221	0.0062	0
6222	0.003	0
6259	0.049	0
6260	0.0163	0
6261	0.0053	0
6265	0.003	0
6268	9.0E-4	0
6281	0.0206	0
6304	0.0041	0
6310	0.0117	0
6313	0.005	0
6351	0.0415	0
6355	0.0402	0
6396	0.0213	0
6399	0.0191	0
6400	0.0084	0
6412	0.0298	0
6414	0.0058	0
6417	0.0047	0
6418	0.0052	0
6426	6.0E-4	0
6448	0.0023	0
6450	0.0023	0
6451	3.0E-4	0
6461	0.0061	0
6520	0.0552	0
6525	0.0041	0
6526	0.0021	0
6527	0.0025	0
6536	0.0054	0
6537	0.0026	0
6544	0.0021	0
6546	0.0016	0
6547	0.0037	0
6548	6.0E-4	0
6551	7.0E-4	0
6560	8.0E-4	0
6561	6.0E-4	0
6568	0.0024	0
6569	0.0013	0
6575	0.0098	0
6576	0.0071	0
6586	0.0024	0
6629	0.0258	0
6631	0.0058	0
6633	0.005	0
6637	0.002	0
6643	0.0028	0
6644	0.0084	0
6664	0.0025	0
6720	0.0039	0
6721	0.0024	0
6725	0.2329	0
6732	0.0291	0
6753	0.0647	0
6754	0.0035	0
6766	0.0219	0
6767	0.0219	0
6771	0.0018	0
6772	0.0042	0
6777	0.0033	0
6778	0.0058	0
6779	0.0054	0
6782	0.0017	0
6783	0.0017	0
6790	0.0186	0
6793	0.1242	0
6796	0.1195	0
6807	0.2902	0
6810	0.1201	0
6811	0.0366	0
6812	0.0241	0
6813	0.0041	0
6814	0.0041	0
6817	0.0013	0
6818	0.0048	0
6820	0.0149	0
6835	0.0017	0
6873	0.0024	0
6875	0.0026	0
6879	0.0019	0
6928	0.0076	0
6950	0.0358	0
6952	0.0061	0
6974	0.0206	0
6979	0.0025	0
7049	0.012	0
7154	0.0244	0
7165	0.0198	0
8094	0.0052	0
8104	0.0163	0
8115	6.0E-4	0
8137	0.0065	0
8152	0.6073	3532
8168	0.0298	0
8198	0.001	0
8233	0.033	0
8272	0.0019	0
8299	0.0039	0
8324	0.0266	0
8360	0.0046	0
8410	7.0E-4	0
8483	0.0045	0
8514	0.0072	0
8556	9.0E-4	0
8565	0.0068	0
8610	0.0203	0
8643	0.0112	0
8652	0.0282	0
8654	0.0083	0
8746	6.0E-4	0
8750	6.0E-4	0
8851	3.0E-4	0
8901	6.0E-4	0
8940	9.0E-4	0
8982	0.0045	0
9039	9.0E-4	0
9056	0.0759	0
9058	0.2313	2
9059	0.1062	0
9060	0.0052	0
9063	0.0082	0
9064	0.0133	0
9065	0.0046	0
9069	0.0042	0
9071	0.0016	0
9072	0.007	0
9073	0.0048	0
9074	0.0019	0
9081	0.0019	0
9082	0.0017	0
9084	0.006	0
9098	7.0E-4	0
9108	0.0322	0
9110	0.024	0
9112	0.0042	0
9116	0.0493	0
9117	0.0645	0
9119	0.0463	0
9123	0.0338	0
9124	0.0128	0
9125	0.0206	0
9126	0.0293	0
9127	0.0086	0
9128	0.02	0
9129	0.0033	0
9130	0.0033	0
9141	0.0344	0
9142	0.0053	0
9143	0.0295	0
9144	0.0343	0
9145	0.0037	0
9146	0.0295	0
9147	0.0015	0
9150	0.0432	0
9152	0.0123	0
9154	0.0301	0
9156	0.0125	0
9157	6.0E-4	0
9158	0.02	0
9161	0.0325	0
9162	0.0021	0
9163	0.0155	0
9164	0.0303	0
9165	0.026	0
9166	0.0319	0
9167	0.0293	0
9168	0.0086	0
9169	0.02	0
9173	0.003	0
9174	0.003	0
9176	6.0E-4	0
9177	6.0E-4	0
9199	0.0328	0
9200	6.0E-4	0
9201	0.0046	0
9203	0.0295	0
9205	0.0343	0
9206	0.0037	0
9207	0.0295	0
9211	6.0E-4	0
9219	7.0E-4	0
9221	7.0E-4	0
9228	0.0037	0
9229	0.002	0
9231	0.0018	0
9233	0.0021	0
9234	0.0021	0
9235	0.0087	0
9236	0.0087	0
9240	0.0019	0
9245	0.0027	0
9247	0.0022	0
9250	0.0011	0
9252	0.005	0
9259	0.0445	0
9260	0.0173	0
9261	0.0301	0
9262	0.0018	0
9263	9.0E-4	0
9265	7.0E-4	0
9273	0.005	0
9274	0.0037	0
9276	0.0022	0
9279	0.0092	0
9288	0.0072	0
9306	0.008	0
9308	0.0099	0
9309	0.0043	0
9310	0.0061	0
9311	0.004	0
9312	0.0034	0
9317	9.0E-4	0
9325	9.0E-4	0
9376	6.0E-4	0
9394	7.0E-4	0
9399	0.0018	0
9401	0.0121	0
9423	0.0031	0
9425	0.0036	0
9426	4.0E-4	0
9435	0.0023	0
9451	0.0126	0
9607	0.0039	0
9615	0.0028	0
9653	0.0072	0
9889	0.0446	0
9987	0.478	249
10467	0.0964	0
10468	0.0466	0
10556	0.0446	0
15002	0.0025	0
15031	0.0151	0
15075	0.0344	0
15077	0.0138	0
15078	0.0085	0
15079	0.0019	0
15098	9.0E-4	0
15103	0.0051	0
15116	0.0015	0
15144	0.0076	0
15235	0.0022	0
15291	0.0132	0
15293	0.0086	0
15294	0.0077	0
15295	0.0046	0
15343	9.0E-4	0
15399	0.0152	0
15405	0.0152	0
15419	0.0011	0
15420	0.0012	0
15450	0.0011	0
15603	9.0E-4	0
15604	7.0E-4	0
15627	0.0019	0
15628	0.0019	0
15662	9.0E-4	0
15672	0.0127	0
15688	9.0E-4	0
15689	9.0E-4	0
15698	0.0069	0
15711	0.0085	0
15734	4.0E-4	0
15774	8.0E-4	0
15849	0.0079	0
15891	9.0E-4	0
15925	6.0E-4	0
15930	0.0018	0
15939	0.0025	0
15940	0.0013	0
15942	4.0E-4	0
15980	0.0154	0
15985	0.0035	0
15986	0.0035	0
15988	0.0024	0
15991	0.0021	0
15992	0.0048	0
16020	0.2093	0
16021	0.14	0
16043	0.034	0
16051	0.0175	0
16053	0.0388	0
16054	0.0098	0
16070	0.0749	0
16114	0.0024	0
16151	0.0038	0
16163	6.0E-4	0
16301	0.0427	0
16310	0.0434	0
16405	6.0E-4	0
16421	9.0E-4	0
16462	0.0719	0
16469	0.0035	0
16491	0.1069	0
16638	0.0042	0
16641	0.0017	0
16642	6.0E-4	0
16645	0.0054	0
16647	6.0E-4	0
16651	0.0115	0
16652	9.0E-4	0
16655	0.0106	0
16661	0.0044	0
16671	6.0E-4	0
16675	0.0035	0
16676	0.0035	0
16695	6.0E-4	0
16699	6.0E-4	0
16701	0.0029	0
16702	0.0023	0
16706	0.0015	0
16725	0.005	0
16726	0.001	0
16730	0.0015	0
16732	6.0E-4	0
16740	0.1908	0
16741	0.0318	0
16769	0.0046	0
16772	0.0733	0
16773	0.031	0
16775	0.0092	0
16779	0.021	0
16782	0.0056	0
16783	0.0033	0
16787	0.2364	0
16788	0.0601	0
16798	0.0203	0
16810	0.0209	0
16811	0.0086	0
16817	0.072	0
16818	0.0735	0
16820	0.0161	0
16829	0.0503	0
16835	0.0161	0
16836	0.0091	0
16840	0.0045	0
16841	0.0017	0
16859	0.0034	0
16860	0.0075	0
16874	0.0343	0
16875	0.0094	0
16876	0.0094	0
16877	0.0015	0
16878	0.0015	0
16879	0.015	0
16881	0.0056	0
16885	0.0011	0
16887	0.0395	0
17004	0.0032	0
17076	0.1293	0
17111	0.0676	0
18130	0.1082	0
18208	0.0034	0
18492	3.0E-4	0
19001	0.0109	0
19219	0.0412	0
19222	0.051	0
19288	0.0019	0
19295	6.0E-4	0
19296	6.0E-4	0
19320	0.0069	0
19359	0.0022	0
19363	0.0022	0
19438	0.104	0
19439	0.0384	0
19464	9.0E-4	0
19509	0.0014	0
19538	0.0842	0
19545	0.0033	0
19556	6.0E-4	0
19557	6.0E-4	0
19627	0.0013	0
19634	0.0017	0
19637	0.0822	0
19674	0.002	0
19682	0.0019	0
19692	0.002	0
19693	0.0446	0
19720	0.0033	0
19725	0.006	0
19752	0.0762	0
19829	0.0044	0
19843	0.0135	0
19867	0.0146	0
22402	0.0062	0
22603	0.0046	0
22604	0.0046	0
22607	0.0163	0
22613	0.0076	0
22804	0.0288	0
22857	0.0499	0
22890	0.0175	0
22891	0.043	0
22892	0.0482	0
22900	0.0075	0
30001	0.0155	0
30003	0.0026	0
30091	7.0E-4	0
30170	0.0123	0
30203	0.0167	0
30288	0.0044	0
30312	0.0167	0
30313	0.0154	0
30529	0.0183	0
30554	0.1159	0
31224	0.1391	0
31323	0.0462	0
31326	0.0446	0
31975	0.0154	0
32196	0.005	0
32268	0.0051	0
32502	0.0081	0
32506	0.0042	0
32549	0.1249	0
32550	0.1248	0
32553	0.1343	0
32555	0.1256	0
32559	0.1121	0
32561	0.0109	0
32787	0.0144	0
32989	0.0056	0
32991	0.0418	0
33036	0.0194	0
33037	8.0E-4	0
33692	0.0064	0
34062	0.0034	0
34622	0.0047	0
34641	0.234	0
34654	0.0756	0
34655	0.0362	0
34660	0.0277	0
40011	0.008	0
42126	0.0038	0
42168	0.0026	0
42180	0.0049	0
42181	0.0037	0
42254	0.0076	0
42278	0.0408	0
42357	0.002	0
42364	0.024	0
42401	0.0043	0
42402	0.0061	0
42430	0.0024	0
42435	0.0021	0
42436	0.0013	0
42440	0.0049	0
42451	0.0083	0
42454	0.0304	0
42455	0.0147	0
42537	0.0013	0
42546	0.005	0
42592	0.0075	0
42597	0.0107	0
42623	0.0223	0
42625	0.0075	0
42626	0.015	0
42723	0.0042	0
42724	0.0037	0
42726	0.0018	0
42727	0.0018	0
42773	0.0065	0
42777	0.0032	0
42822	0.0024	0
42823	0.0024	0
42927	9.0E-4	0
42995	0.0055	0
43038	0.0052	0
43039	0.0052	0
43102	0.0014	0
43167	0.2663	0
43168	0.1628	0
43169	0.1323	0
43170	0.2318	0
43225	0.0018	0
43226	0.049	0
43228	0.047	0
43229	0.049	0
43232	0.047	0
43234	0.023	0
43412	0.0374	0
43436	0.0804	0
43492	0.015	0
43545	0.0033	0
43603	0.0082	0
43623	0.0045	0
43648	0.0111	0
43650	0.006	0
43933	0.0085	0
44038	0.005	0
44042	0.0029	0
44085	0.0332	0
44237	0.4156	101
44238	0.3795	62
44248	0.0586	0
44249	0.2184	6
44255	0.0205	0
44260	0.1883	0
44262	0.0151	0
44264	0.0079	0
44267	0.0543	0
44270	0.0394	0
44271	0.1072	0
44272	0.0142	0
44391	0.0039	0
44422	0.0194	0
44424	0.1435	0
44425	0.1451	0
44427	0.0037	0
44444	0.0256	0
44445	0.0013	0
44446	0.0098	0
44461	0.0045	0
44462	0.0133	0
44463	0.0045	0
44464	0.2398	0
45184	0.0163	0
45259	0.0022	0
45261	0.0016	0
45333	0.0118	0
46034	0.0236	0
46039	0.006	0
46040	0.0036	0
46049	0.003	0
46112	0.0019	0
46128	0.0411	0
46129	0.0083	0
46130	0.0295	0
46148	0.0041	0
46218	0.0013	0
46219	0.0021	0
46351	6.0E-4	0
46365	0.01	0
46385	7.0E-4	0
46390	0.0209	0
46394	0.0388	0
46395	0.0098	0
46405	6.0E-4	0
46417	0.0032	0
46434	0.0343	0
46467	0.0022	0
46483	0.2333	1
46490	0.0019	0
46493	0.0027	0
46501	0.0017	0
46700	0.0391	0
46872	0.1311	0
46873	0.0083	0
46903	0.008	0
46914	0.0566	0
46915	0.0024	0
46916	0.0026	0
46933	0.0032	0
46942	0.0079	0
46961	0.0012	0
48037	0.0489	0
48038	0.0048	0
48869	0.0072	0
48870	0.0077	0
48878	0.003	0
50136	0.0068	0
50789	0.0754	0
50793	0.0055	0
50794	0.0713	0
50801	0.003	0
50896	0.0659	0
51002	0.0023	0
51003	0.0023	0
51119	0.0044	0
51128	0.0063	0
51171	0.0412	0
51179	0.1274	0
51183	0.0031	0
51186	0.0368	0
51188	0.0319	0
51189	0.0039	0
51213	0.0082	0
51234	0.122	0
51246	0.0051	0
51252	0.0405	0
51301	0.014	0
51302	8.0E-4	0
51540	0.0314	0
51641	0.0126	0
51649	0.0106	0
51674	0.0077	0
51704	0.0112	0
51707	0.0038	0
51716	0.043	0
51726	6.0E-4	0
52689	0.0058	0
55065	0.0031	0
55072	0.0019	0
55076	0.0031	0
55080	0.0032	0
55082	0.0024	0
55086	0.0763	0
55114	0.1118	0
60089	0.0168	0
60255	0.0489	0
65003	0.0066	0
65007	0.0793	0
65008	0.0158	0
70011	0.0239	0
70271	0.0061	0
71103	0.0057	0
71554	0.009	0
1901661	0.0037	0
1901663	0.0037	0
