#GO function	AUPRC	# of gene families for which a GO function was predicted at Pr>=50%
49	0.1039	1
96	0.0347	0
97	0.0668	0
105	0.2579	7
155	0.0299	0
160	0.0554	0
162	0.1654	0
166	0.188	87
178	0.2073	0
255	0.2249	0
256	0.1061	0
270	0.0397	0
271	0.0541	9
287	0.0517	0
738	0.2868	0
902	0.0846	0
910	0.0409	1
917	0.0578	1
1071	0.0554	0
1514	0.1387	0
1539	0.1495	7
1882	0.1625	66
1883	0.1615	65
2161	0.0728	1
2252	0.1312	14
2376	0.1164	14
3676	0.2566	154
3677	0.1978	52
3700	0.0552	0
3723	0.1592	50
3735	0.3274	98
3774	0.2171	0
3824	0.6626	27818
3913	0.5455	1
3916	0.04	0
3918	0.1382	0
3954	0.2124	19
4175	0.0212	0
4197	0.0507	0
4252	0.03	5
4333	0.0867	2
4375	0.2501	2
4386	0.0643	1
4497	0.02	0
4518	0.0634	11
4519	0.0465	3
4527	0.0468	15
4553	0.0497	0
4672	0.03	0
4673	0.028	0
4733	0.0394	0
4774	0.1976	0
4775	0.1976	0
4803	0.1757	28
4812	0.1764	22
4834	0.311	0
4871	0.0545	3
4872	0.0443	0
5198	0.2528	107
5215	0.1138	20
5315	0.4148	6
5351	0.0954	7
5402	0.0954	7
5488	0.4572	3726
5506	0.0308	2
5524	0.1459	12
5576	0.0426	0
5618	0.0813	8
5622	0.2812	650
5623	0.306	847
5694	0.0809	0
5727	0.0181	0
5737	0.2736	363
5773	0.0804	0
5840	0.2833	107
5886	0.1074	63
5975	0.0966	9
5976	0.0509	9
5996	0.024	0
6006	0.0223	0
6022	0.0377	0
6023	0.1377	0
6024	0.1377	0
6073	0.0879	0
6081	0.1977	0
6082	0.1868	98
6084	0.1554	0
6089	0.3971	0
6090	0.225	1
6091	0.0745	8
6099	0.0933	0
6105	0.2025	0
6139	0.264	306
6144	0.1105	0
6163	0.0683	0
6164	0.0638	0
6259	0.1203	48
6260	0.0625	0
6261	0.0294	0
6265	0.0414	0
6268	0.4077	0
6281	0.0465	0
6304	0.028	0
6310	0.1048	32
6313	0.1744	28
6323	0.0246	0
6351	0.1287	12
6355	0.1291	12
6364	0.0333	0
6396	0.068	0
6399	0.1232	13
6401	0.0234	0
6412	0.2717	127
6414	0.0193	1
6417	0.0235	1
6418	0.2855	18
6448	0.0438	1
6450	0.048	1
6451	0.1387	0
6464	0.0703	40
6508	0.0375	0
6520	0.2103	85
6546	0.1079	0
6547	0.1919	7
6555	0.0768	0
6560	0.2091	0
6561	0.2091	0
6568	0.0735	0
6576	0.0301	0
6586	0.0735	0
6629	0.0676	3
6637	0.1366	0
6643	0.0614	0
6644	0.1167	9
6664	0.0667	0
6720	0.0549	0
6721	0.0739	0
6725	0.2954	551
6730	0.0367	0
6732	0.0694	0
6753	0.0991	0
6754	0.0637	0
6766	0.2072	38
6767	0.2072	38
6768	0.0822	0
6772	0.078	1
6777	0.2405	7
6778	0.0923	0
6779	0.1064	0
6782	0.1304	0
6783	0.1027	2
6790	0.0535	0
6793	0.1465	33
6796	0.1338	6
6807	0.339	1014
6810	0.1621	49
6811	0.0674	24
6812	0.0684	21
6814	0.1834	13
6817	0.2686	6
6818	0.0679	8
6820	0.0341	6
6928	0.1387	7
6935	0.0458	0
6950	0.0495	0
6952	0.0512	15
6974	0.0445	0
6996	0.0317	0
7049	0.0342	0
7059	0.0645	0
7154	0.0556	9
7165	0.0586	9
8094	0.0414	0
8104	0.0512	0
8135	0.0357	0
8137	0.1318	8
8152	0.6133	19056
8168	0.0987	27
8194	0.1064	0
8198	0.0507	2
8233	0.0403	0
8236	0.0255	4
8270	0.0376	0
8299	0.0589	0
8324	0.048	7
8360	0.0854	0
8375	0.0873	0
8410	0.1895	2
8556	0.1799	1
8610	0.0828	13
8643	0.0638	4
8652	0.1799	50
8653	0.0555	1
8654	0.1481	10
8757	0.047	0
8851	0.1704	5
8901	0.246	1
8940	0.358	4
8982	0.1289	1
9039	0.6161	0
9055	0.0578	0
9056	0.0777	0
9058	0.3176	970
9059	0.2086	186
9060	0.0493	0
9064	0.0691	0
9066	0.0372	0
9067	0.04	0
9071	0.1079	0
9072	0.0954	0
9073	0.1165	0
9084	0.0802	0
9086	0.0858	0
9102	0.0822	0
9103	0.0565	1
9108	0.0595	0
9110	0.2153	38
9112	0.0432	0
9116	0.0681	0
9117	0.0999	0
9119	0.0727	0
9123	0.0569	0
9124	0.0652	0
9126	0.0445	0
9127	0.0564	0
9141	0.0484	0
9142	0.0568	0
9144	0.0464	0
9145	0.063	0
9150	0.0664	0
9152	0.0601	0
9156	0.0636	0
9161	0.0627	0
9165	0.0693	0
9167	0.0445	0
9168	0.0564	0
9187	0.0397	1
9190	0.041	1
9199	0.0477	0
9201	0.0583	0
9205	0.0464	0
9206	0.063	0
9228	0.0907	1
9235	0.2886	31
9236	0.2948	31
9240	0.3197	1
9245	0.1412	0
9247	0.1075	0
9250	0.112	1
9252	0.1448	0
9259	0.0793	0
9260	0.0927	0
9273	0.1247	0
9274	0.1911	8
9276	0.2034	8
9288	0.1803	25
9295	0.0144	0
9297	0.1424	0
9306	0.0407	0
9308	0.0206	0
9309	0.0892	0
9311	0.0572	0
9312	0.064	0
9325	0.5799	5
9399	0.1742	1
9401	0.0944	3
9405	0.0863	4
9425	0.189	0
9451	0.0433	0
9521	0.2851	0
9522	0.1271	0
9523	0.1864	1
9579	0.41	190
9605	0.0346	0
9607	0.0688	14
9615	0.1181	14
9653	0.0555	0
9767	0.2053	0
9847	0.0818	0
9889	0.1282	12
9987	0.512	5703
10181	0.0404	0
10383	0.1613	1
10410	0.1613	1
10467	0.209	195
10468	0.1286	12
10556	0.1282	12
10608	0.0225	1
15031	0.0501	0
15075	0.0481	1
15077	0.0484	10
15078	0.0584	9
15079	0.0364	0
15098	0.2299	0
15116	0.0983	0
15144	0.0708	1
15197	0.0661	0
15235	0.1983	2
15267	0.0673	0
15288	0.09	0
15291	0.0597	10
15293	0.0475	5
15294	0.0499	5
15295	0.0954	7
15399	0.0413	2
15405	0.0413	2
15419	0.1284	0
15420	0.2147	2
15604	0.1198	0
15662	0.107	1
15672	0.0866	21
15689	0.2299	0
15698	0.0577	6
15716	0.1731	0
15734	0.4801	1
15774	0.0623	2
15935	0.5573	0
15945	0.4184	4
15946	0.4184	4
15979	0.3447	178
15980	0.0477	0
15985	0.0637	0
15986	0.0637	0
15988	0.0965	6
15991	0.1038	6
15992	0.0679	8
15994	0.1046	0
15995	0.1104	0
16020	0.2948	225
16021	0.1912	59
16032	0.134	0
16043	0.0514	0
16050	0.085	1
16051	0.054	10
16052	0.0308	0
16053	0.15	46
16070	0.1454	15
16072	0.0333	0
16114	0.0739	0
16151	0.217	11
16168	0.3208	4
16301	0.0491	2
16310	0.0498	2
16405	0.1482	0
16462	0.102	14
16469	0.0626	3
16491	0.1728	4
16641	0.0359	0
16642	0.2501	2
16651	0.184	29
16655	0.246	38
16661	0.2139	6
16695	0.1618	1
16699	0.246	1
16701	0.0747	0
16702	0.0265	0
16725	0.1041	0
16730	0.0962	0
16740	0.2333	12
16741	0.1017	34
16757	0.0367	0
16772	0.0815	18
16773	0.0326	0
16775	0.0239	0
16782	0.0128	2
16787	0.2435	0
16788	0.0742	11
16798	0.0424	0
16814	0.0207	0
16817	0.1014	17
16818	0.1021	17
16820	0.0435	2
16829	0.0747	0
16835	0.0524	1
16836	0.0769	4
16840	0.0316	1
16841	0.0881	2
16849	0.0387	1
16853	0.0369	1
16854	0.0378	0
16857	0.0382	0
16874	0.1146	24
16875	0.174	22
16876	0.174	22
16887	0.0574	3
16903	0.0291	0
17004	0.0118	0
17076	0.1624	67
17111	0.0995	14
17171	0.0255	4
18130	0.1785	91
18298	0.3916	21
18492	0.2519	0
18662	0.1267	2
18822	0.0692	4
19012	0.1172	23
19015	0.3784	29
19038	0.3784	29
19058	0.0944	1
19068	0.1293	1
19069	0.1929	1
19219	0.1274	12
19222	0.132	12
19288	0.3197	1
19318	0.0246	0
19438	0.1732	64
19464	0.1898	2
19509	0.0966	5
19538	0.1781	174
19545	0.2025	0
19627	0.3736	1
19634	0.4965	11
19637	0.1372	25
19682	0.3197	1
19684	0.1465	3
19693	0.0893	0
19700	0.3255	0
19720	0.2405	7
19752	0.1877	98
19829	0.0738	0
19843	0.3511	46
20037	0.0261	0
22402	0.0398	1
22603	0.0836	0
22604	0.0854	0
22607	0.0301	0
22613	0.0426	0
22803	0.0673	0
22804	0.0519	3
22829	0.09	0
22857	0.0727	10
22890	0.0443	8
22891	0.0558	0
22892	0.0647	0
22900	0.0729	5
22904	0.0235	0
23014	0.0299	0
23052	0.0584	9
30001	0.0687	12
30030	0.0535	0
30031	0.0306	0
30076	0.345	27
30077	0.1509	0
30089	0.4666	27
30203	0.0394	0
30246	0.0231	3
30260	0.0404	0
30261	0.0378	0
30312	0.0401	8
30313	0.0381	8
30493	0.3387	0
30494	0.3387	0
30529	0.2718	106
30554	0.1472	13
30694	0.4068	0
31224	0.1915	59
31323	0.1275	12
31326	0.1282	12
31410	0.1265	0
31411	0.2709	0
31412	0.0947	1
31975	0.0379	8
31982	0.0977	0
32196	0.1728	28
32259	0.1032	26
32268	0.021	1
32324	0.2405	7
32392	0.1573	0
32502	0.0544	0
32506	0.0578	1
32508	0.1573	0
32549	0.162	66
32550	0.1613	65
32553	0.1623	63
32555	0.1596	65
32559	0.1454	12
32774	0.1301	12
32787	0.0528	4
32940	0.0407	0
32989	0.0846	0
32991	0.2174	311
33013	0.1832	40
33014	0.1946	40
33036	0.0505	0
33037	0.0623	2
33178	0.0909	0
33554	0.0425	0
33692	0.0702	9
33988	0.0519	0
34220	0.0634	10
34308	0.4184	4
34357	0.41	190
34470	0.066	0
34622	0.009	0
34637	0.0654	9
34641	0.2954	560
34645	0.2064	190
34654	0.1418	6
34660	0.1165	13
35383	0.1366	0
35435	0.4122	1
35556	0.0525	6
35639	0.162	65
36094	0.1975	75
36211	0.0703	40
38023	0.0397	0
40011	0.1249	3
42126	0.2286	2
42168	0.0662	2
42221	0.0213	0
42254	0.0426	0
42278	0.0533	0
42330	0.0458	0
42364	0.2153	38
42401	0.0892	0
42430	0.0735	0
42435	0.1654	0
42440	0.0913	0
42451	0.0397	0
42455	0.0484	0
42546	0.1157	0
42623	0.0511	2
42625	0.0603	0
42626	0.0464	2
42651	0.3599	68
42716	0.1509	0
42723	0.078	1
42724	0.0907	1
42777	0.1213	0
42995	0.0951	15
43038	0.2775	18
43039	0.2775	18
43094	0.029	4
43102	0.0966	5
43167	0.2811	358
43168	0.1975	116
43169	0.148	6
43170	0.3149	634
43226	0.2052	130
43228	0.2176	130
43229	0.2076	130
43232	0.2176	130
43234	0.1273	118
43412	0.0738	38
43419	0.6161	0
43436	0.1881	98
43492	0.0464	2
43545	0.2405	7
43570	0.0327	7
43571	0.0327	7
43603	0.0562	0
43604	0.0212	0
43605	0.2146	0
43623	0.0086	0
43711	0.1816	0
44036	0.0365	0
44038	0.1249	0
44042	0.0879	0
44085	0.0653	0
44106	0.0335	0
44237	0.4599	3609
44238	0.429	2302
44248	0.0565	0
44249	0.3112	851
44255	0.0774	4
44260	0.2871	588
44262	0.0579	10
44264	0.062	9
44267	0.2115	179
44270	0.0503	0
44271	0.1694	62
44272	0.0553	0
44281	0.2664	357
44283	0.2078	88
44391	0.2299	3
44403	0.0336	0
44409	0.0404	0
44419	0.0336	0
44422	0.1528	2
44423	0.1192	23
44424	0.2923	634
44425	0.2114	241
44427	0.1872	19
44433	0.1465	0
44436	0.41	190
44444	0.2267	110
44446	0.1398	3
44461	0.2002	15
44463	0.2002	15
44464	0.306	847
44699	0.4307	2953
44700	0.0584	9
44710	0.3649	1477
44711	0.2295	240
44712	0.0646	0
44723	0.0621	14
44763	0.3381	1111
44764	0.0214	0
44765	0.1066	20
44767	0.0501	0
44769	0.0948	0
44781	0.0192	0
45156	0.1356	0
45184	0.0512	0
45259	0.0118	0
45261	0.0177	0
45333	0.0475	0
45491	0.1613	1
45493	0.1613	1
46128	0.0537	0
46129	0.0397	0
46148	0.1054	0
46219	0.1654	0
46390	0.0701	0
46394	0.1509	46
46434	0.0496	1
46467	0.1075	0
46483	0.2976	622
46490	0.3197	1
46493	0.1412	0
46501	0.1304	0
46559	0.4131	1
46821	0.0181	0
46872	0.1454	6
46903	0.046	1
46906	0.0517	4
46914	0.0719	13
46933	0.1011	0
46992	0.3267	4
48037	0.0809	6
48038	0.1207	21
48856	0.054	0
48869	0.0534	0
48870	0.1472	7
50136	0.2124	19
50485	0.3267	4
50789	0.157	26
50793	0.0796	0
50794	0.1517	23
50896	0.0876	9
51119	0.0901	5
51128	0.0495	0
51171	0.1274	12
51179	0.1828	88
51183	0.1352	2
51186	0.0856	0
51188	0.0904	0
51189	0.2115	7
51213	0.0468	0
51234	0.1617	52
51246	0.021	1
51252	0.1293	12
51276	0.0489	7
51301	0.0357	0
51302	0.182	0
51536	0.0699	7
51539	0.0422	1
51540	0.0696	7
51607	0.1383	14
51641	0.0435	0
51649	0.0434	0
51674	0.1472	7
51701	0.0174	0
51704	0.0788	4
51707	0.0714	14
51716	0.0645	8
51726	0.3352	0
51806	0.0404	0
51828	0.0404	0
52126	0.0404	0
52192	0.0404	0
52636	0.5879	0
52689	0.0126	0
52803	0.1818	7
55085	0.0534	7
55086	0.1033	0
55114	0.1889	131
60089	0.0549	3
60255	0.13	12
61505	0.1382	0
65007	0.1581	26
65008	0.0367	0
70011	0.0307	0
70589	0.1249	0
71103	0.0254	0
71265	0.0419	4
71267	0.0966	5
71554	0.0345	0
71702	0.0619	0
71704	0.4688	3733
71766	0.5879	0
71840	0.0724	0
71941	0.1415	0
71944	0.1194	65
72348	0.051	0
72521	0.0713	0
72522	0.0677	0
72527	0.0192	0
72528	0.0176	0
80090	0.1289	12
80109	0.1514	3
90304	0.2208	91
90305	0.0251	0
90407	0.1038	4
90482	0.184	2
90529	0.0578	1
97159	0.3575	635
97367	0.1621	66
98542	0.0912	14
1901135	0.1069	3
1901137	0.0921	5
1901265	0.188	87
1901269	0.1412	0
1901271	0.1412	0
1901293	0.0689	0
1901360	0.3032	757
1901362	0.1853	109
1901363	0.3567	631
1901476	0.0708	1
1901564	0.2669	339
1901565	0.0476	0
1901566	0.2641	207
1901575	0.0795	0
1901576	0.3115	873
1901605	0.1444	25
1901607	0.1697	33
1901657	0.0675	0
1901677	0.3082	6
1902494	0.0271	1
1902589	0.0531	7
1990204	0.0834	1
2000112	0.1283	12
2001057	0.2286	2
2001141	0.1291	12
