#GO function	AUPRC	# of gene families for which a GO function was predicted at Pr>=50%
104	0.1487416962	4
105	0.1030498499	14
155	0.0119787094	0
160	0.0278591238	0
162	0.3447852232	6
166	0.2237109571	190
270	0.0571982596	0
271	0.0641113979	0
902	0.0707539653	0
910	0.0577916903	3
1514	0.0962694307	0
1539	0.3063955442	29
1882	0.2035040346	144
3676	0.1741401366	156
3677	0.097422013	0
3700	0.0224651125	0
3723	0.2335205631	106
3735	0.214309516	86
3755	0.0270731602	0
3774	0.3138563043	21
3824	0.6864252004	4631
3861	0.1480252094	4
3899	0.0079605007	0
3916	0.173954553	10
3918	0.3564951439	12
3924	0.0954288941	4
3954	0.2915350339	21
3989	0.4733639877	6
4129	0.0455517733	6
4333	0.0164464847	0
4375	0.0006031129	0
4386	0.0553299359	0
4497	0.0075105481	0
4518	0.046425506	29
4519	0.0331213112	4
4527	0.024921566	8
4540	0.0173831558	0
4553	0.0912426328	27
4672	0.0164690233	0
4673	0.0119503292	0
4733	0.0016607056	0
4774	0.1466457347	3
4775	0.1466457347	3
4803	0.012149639	0
4812	0.2055570293	24
4820	0.0576104374	4
4854	0.1378964945	4
4871	0.0387888665	0
4872	0.0185352322	0
5198	0.1962321174	97
5215	0.1521615993	176
5310	0.0547776922	1
5315	0.4507104297	7
5351	0.1722660492	41
5381	0.0038221766	0
5402	0.1722660492	41
5488	0.4624724457	2341
5507	0.0825400848	9
5524	0.1760006443	84
5525	0.0416245624	3
5618	0.0315034002	5
5622	0.3140221939	585
5623	0.3463983535	950
5694	0.2225972558	23
5737	0.332056099	468
5829	0.0211985338	2
5840	0.1926384756	86
5886	0.1285306325	84
5975	0.1391857364	72
5976	0.0532250013	0
5984	0.0435014927	4
5991	0.0436386099	4
5992	0.4075209845	3
6007	0.0673514174	0
6022	0.0539403155	0
6023	0.1603774278	1
6024	0.1603774278	1
6073	0.0595924729	1
6081	0.2324482925	10
6082	0.2578741024	153
6084	0.0975571887	0
6089	0.149364625	4
6090	0.5267387244	12
6091	0.1173413731	13
6099	0.1756054886	8
6105	0.4226809418	0
6119	0.0970345687	0
6139	0.2518232214	545
6152	0.0613284632	0
6163	0.1249757675	36
6164	0.2300771781	46
6184	0.0838252358	4
6188	0.4363549143	13
6189	0.4668433083	13
6195	0.0574524428	0
6200	0.0402041411	0
6220	0.0953556465	0
6221	0.1108506312	0
6222	0.1868325964	0
6259	0.0960697658	42
6260	0.0930222511	11
6261	0.1061143814	18
6265	0.1739957253	10
6268	0.5465219437	10
6281	0.0923112068	15
6304	0.0066860514	0
6310	0.0391279748	0
6313	0.0242074431	0
6351	0.0504504754	0
6355	0.0488796895	0
6396	0.1319209492	0
6399	0.211494619	30
6400	0.0845992871	0
6412	0.2529536145	140
6414	0.0846930139	0
6417	0.0985408006	0
6418	0.4194240655	24
6426	0.0802358584	4
6448	0.1701692891	0
6450	0.1701692891	0
6451	0.0962694307	0
6461	0.1010178779	9
6520	0.2787613827	119
6525	0.2135720061	1
6526	0.3375064707	1
6527	0.2738924206	0
6536	0.2825668855	7
6537	0.1042406168	5
6544	0.0145653889	0
6546	0.0214411467	0
6547	0.1712752692	14
6548	0.3383233675	2
6551	0.1296844538	4
6560	0.1755681105	0
6561	0.2132526574	0
6568	0.3265472021	10
6569	0.0755889099	4
6575	0.0475104161	1
6576	0.1936707555	10
6586	0.3265472021	10
6629	0.095371522	35
6631	0.0541184225	1
6633	0.0629951894	1
6637	0.0826084129	0
6643	0.1456104099	1
6644	0.1735341778	23
6664	0.1754310042	1
6720	0.2663398927	16
6721	0.3149036616	14
6725	0.2978986192	755
6732	0.1412235819	36
6753	0.1565102402	67
6754	0.2477763301	25
6766	0.2871005557	49
6767	0.2871005557	49
6771	0.194247307	5
6772	0.1101548851	6
6777	0.1385498755	10
6778	0.1257217201	2
6779	0.1430456859	2
6782	0.0556973524	0
6783	0.15373822	0
6790	0.0480547646	4
6793	0.2027400879	154
6796	0.1937632625	142
6807	0.3639880091	1079
6810	0.1849146898	286
6811	0.131713631	80
6812	0.1482976208	54
6813	0.0477293124	6
6814	0.1404931915	13
6817	0.3626181547	9
6818	0.1829875916	29
6820	0.0534070532	0
6835	0.0547776922	1
6873	0.0074214838	0
6875	0.0084003124	0
6879	0.0068241437	0
6928	0.295600407	29
6950	0.0759368699	15
6952	0.0683746738	7
6974	0.0883277847	15
6979	0.0210338755	0
7049	0.0965203458	12
7154	0.0474373597	2
7165	0.0430618548	2
8094	0.194739055	12
8104	0.0758997228	27
8115	0.170770601	7
8137	0.183183459	6
8152	0.6595014803	4631
8168	0.0417331373	2
8198	0.1625107227	1
8233	0.0418342859	2
8272	0.3110707953	5
8299	0.2663398927	16
8324	0.1483715848	97
8360	0.0813993561	1
8410	0.3412754524	4
8483	0.0221919887	0
8514	0.0430172282	0
8556	0.180912146	6
8565	0.0120549785	0
8610	0.1206021693	37
8643	0.1908099932	92
8652	0.2797872466	85
8654	0.1925796791	24
8746	0.0062117484	0
8750	0.0062117484	0
8851	0.1652096608	4
8901	0.1078036904	4
8940	0.5913837687	6
8982	0.2035624093	6
9039	0.6923305687	3
9056	0.1107526183	0
9058	0.3119896325	875
9059	0.1545137495	208
9060	0.1822779753	12
9063	0.0649452653	4
9064	0.1433061654	3
9065	0.1000424539	0
9069	0.0147967676	0
9071	0.0214411467	0
9072	0.2355371603	16
9073	0.2840242821	11
9074	0.2039114306	4
9081	0.1379976127	4
9082	0.1646041842	4
9084	0.2769899003	10
9098	0.1296844538	4
9108	0.1648444401	32
9110	0.2998427043	47
9112	0.156071347	2
9116	0.1279594338	38
9117	0.1578920326	67
9119	0.1226560473	34
9123	0.1400662203	54
9124	0.3043106464	54
9125	0.0394675877	0
9126	0.1122666209	26
9127	0.2627660365	44
9128	0.0402041411	0
9129	0.1522228521	0
9130	0.1522228521	0
9141	0.096110914	16
9142	0.2527706706	28
9143	0.0655140008	0
9144	0.0905639268	16
9145	0.2445785195	25
9146	0.0613284632	0
9147	0.0227032936	0
9150	0.1203456647	28
9152	0.2337739867	46
9154	0.060971031	0
9156	0.3064451359	53
9157	0.0040490855	0
9158	0.0402041411	0
9161	0.1419101703	55
9162	0.0030549812	0
9163	0.2128741334	41
9164	0.0666575193	0
9165	0.180413645	65
9166	0.06053968	0
9167	0.1122666209	26
9168	0.2627660365	44
9169	0.0402041411	0
9173	0.1868325964	0
9174	0.1868325964	0
9176	0.0040490855	0
9177	0.0040490855	0
9199	0.0945060849	16
9200	0.0055771633	0
9201	0.2562380527	28
9203	0.0613284632	0
9205	0.0905639268	16
9206	0.2445785195	25
9207	0.0613284632	0
9211	0.0055771633	0
9219	0.0053336301	0
9221	0.0053336301	0
9228	0.1261471558	6
9229	0.2255963963	6
9231	0.194247307	5
9233	0.3172019836	4
9234	0.3172019836	4
9235	0.4584356156	33
9236	0.4584356156	33
9240	0.6305017543	12
9245	0.2924161905	1
9247	0.2172359445	1
9250	0.1237896321	2
9252	0.1603774278	1
9259	0.1545369291	53
9260	0.2821772241	57
9261	0.060971031	0
9262	0.0147022044	0
9263	0.0237592086	0
9265	0.0053336301	0
9273	0.133249161	1
9274	0.1581652243	5
9276	0.1669257936	5
9279	0.0296389871	1
9288	0.3055856614	39
9306	0.0532995132	9
9308	0.1227776341	13
9309	0.176414957	5
9310	0.0623281196	3
9311	0.1164148447	1
9312	0.1381675834	1
9317	0.4733639877	6
9325	0.6935378265	6
9376	0.154595575	4
9394	0.0053336301	0
9399	0.1066726762	5
9401	0.3010748664	59
9423	0.3536333839	4
9425	0.2773765448	3
9426	0.5386974913	3
9435	0.2552284202	3
9451	0.0880874323	0
9607	0.0902739864	7
9615	0.159118766	7
9653	0.0435852652	0
9889	0.053846794	0
9987	0.5463775801	4203
10467	0.1511515492	237
10468	0.0555256397	0
10556	0.053846794	0
15002	0.0404577841	6
15031	0.0702147263	24
15075	0.1431144196	73
15077	0.1628647781	42
15078	0.1619971395	35
15079	0.1275565085	6
15098	0.0009354556	0
15103	0.0509070348	5
15116	0.3471694622	5
15144	0.1635626079	22
15235	0.4329252414	11
15291	0.1037086637	13
15293	0.137100807	13
15294	0.1443585327	14
15295	0.1722660492	41
15343	0.0049606313	0
15399	0.1502223934	45
15405	0.1502223934	45
15419	0.4409020615	5
15420	0.4462274672	11
15450	0.02839275	2
15603	0.0049606313	0
15604	0.5767036948	4
15627	0.0145906165	0
15628	0.0145906165	0
15662	0.180912146	6
15672	0.2190422391	51
15688	0.0046603418	0
15689	0.0009354556	0
15698	0.0907772918	11
15711	0.0436135145	0
15734	0.781565401	5
15774	0.1061587124	0
15849	0.028595801	0
15891	0.0046603418	0
15925	0.1713786457	0
15930	0.1073228281	4
15939	0.1509872715	2
15940	0.1924592129	2
15942	0.4038443517	2
15980	0.0799636968	0
15985	0.2477763301	25
15986	0.2477763301	25
15988	0.1119617994	0
15991	0.1182015289	0
15992	0.1829875916	29
16020	0.2512422616	256
16021	0.1755274367	84
16043	0.0896387587	14
16051	0.0780069445	13
16053	0.2190350834	90
16054	0.0696601953	4
16070	0.0981825311	30
16114	0.3149036616	14
16151	0.2472257898	10
16163	0.0065548666	0
16301	0.0515082454	0
16310	0.0512703612	0
16405	0.1466457347	3
16421	0.4733639877	6
16462	0.1538175932	99
16469	0.2182373089	25
16491	0.1686265541	155
16638	0.0427839876	3
16641	0.0025078854	0
16642	0.0006031129	0
16645	0.0192866965	3
16647	0.170770601	7
16651	0.2310647833	32
16652	0.0110263877	0
16655	0.3567976131	34
16661	0.1708391567	6
16671	0.011742425	0
16675	0.0455517733	6
16676	0.0455517733	6
16695	0.1078036904	4
16699	0.1078036904	4
16701	0.0410199905	1
16702	0.059197083	1
16706	0.0297449176	2
16725	0.2982138725	4
16726	0.0582361494	4
16730	0.042588809	4
16732	0.0065548666	0
16740	0.2145273947	8
16741	0.0448588174	2
16769	0.0137606131	0
16772	0.0878264152	5
16773	0.0532308185	8
16775	0.0126382743	0
16779	0.0280022062	0
16782	0.0857559166	5
16783	0.069191279	1
16787	0.2698568253	155
16788	0.0732494771	0
16798	0.0920652009	29
16810	0.0410744428	3
16811	0.046838302	2
16817	0.1521088358	93
16818	0.1523388371	94
16820	0.1591191759	49
16829	0.1072176452	63
16835	0.0778563453	5
16836	0.0735743286	2
16840	0.048534927	4
16841	0.0740809217	4
16859	0.0261134131	0
16860	0.0752005367	0
16874	0.1177550933	32
16875	0.2025300597	24
16876	0.2025300597	24
16877	0.1502648023	1
16878	0.1502648023	1
16879	0.0835392612	2
16881	0.0214873673	0
16885	0.3068230887	6
16887	0.1197844871	37
17004	0.134257882	8
17076	0.2026165066	160
17111	0.1533732381	99
18130	0.1575994378	198
18208	0.0270731602	0
18492	0.0131105979	0
19001	0.0341403991	3
19219	0.0497822437	0
19222	0.0598353766	0
19288	0.6305017543	12
19295	0.0006033183	0
19296	0.0006033183	0
19320	0.0653704454	0
19359	0.188197165	3
19363	0.188197165	3
19438	0.1488444767	179
19439	0.0622492645	0
19464	0.0567072168	0
19509	0.0527527992	0
19538	0.1868419622	166
19545	0.4226809418	0
19556	0.3383233675	2
19557	0.3383233675	2
19627	0.5188285258	5
19634	0.8244328024	12
19637	0.2119053483	146
19674	0.1861013169	3
19682	0.6305017543	12
19692	0.0060233756	0
19693	0.1561457146	55
19720	0.1385498755	10
19725	0.0092798377	0
19752	0.2564263319	152
19829	0.3709473756	34
19843	0.3499975087	64
19867	0.0426532964	0
22402	0.0558794616	3
22603	0.0773831217	1
22604	0.0813993561	1
22607	0.0801909009	4
22613	0.0852868715	0
22804	0.1542299328	75
22857	0.1396636187	111
22890	0.1354776523	43
22891	0.1429757359	97
22892	0.1337074068	83
22900	0.1586982177	15
30001	0.0815133021	20
30003	0.0084003124	0
30091	0.0230270668	0
30170	0.04306072	0
30203	0.0571982596	0
30288	0.0067037069	0
30312	0.0457300993	10
30313	0.0528561124	10
30529	0.1918954973	88
30554	0.1803155599	76
31224	0.1754044509	84
31323	0.0558046141	0
31326	0.053846794	0
31975	0.0526846154	10
32196	0.0241121696	0
32268	0.0809435698	0
32502	0.0338477937	0
32506	0.0646936649	2
32549	0.2023684013	143
32550	0.1998866636	140
32553	0.2024618016	156
32555	0.199244044	140
32559	0.1759133424	84
32561	0.0341403991	3
32787	0.087767945	15
32989	0.0707539653	0
32991	0.1515928883	120
33036	0.0745630074	19
33037	0.1061587124	0
33692	0.0735775796	0
34062	0.0079605007	0
34622	0.074178371	4
34641	0.3007139025	766
34654	0.0999245972	73
34655	0.0582801069	0
34660	0.2209832507	28
40011	0.141620981	29
42126	0.105568991	4
42168	0.1174115471	0
42180	0.1562280095	8
42181	0.0965306534	4
42254	0.0852868715	0
42278	0.0972399028	16
42357	0.2255963963	6
42364	0.2998427043	47
42401	0.176414957	5
42402	0.0623281196	3
42430	0.3265472021	10
42435	0.3447852232	6
42436	0.0755889099	4
42440	0.0572223223	0
42451	0.1981647206	25
42454	0.0620204325	0
42455	0.2169665146	41
42537	0.094522304	4
42546	0.128010581	1
42592	0.0137868625	0
42597	0.0176297448	0
42623	0.1668178872	60
42625	0.347524038	39
42626	0.1717252571	49
42723	0.1101548851	6
42724	0.1261471558	6
42726	0.194247307	5
42727	0.194247307	5
42773	0.1104327304	0
42777	0.5713059021	26
42822	0.0231937044	5
42823	0.0231937044	5
42927	0.0046603418	0
42995	0.0867883774	13
43038	0.4194240655	24
43039	0.4194240655	24
43102	0.0527527992	0
43167	0.3330508691	432
43168	0.2276962214	193
43169	0.1812904173	34
43170	0.2866889231	637
43225	0.2790349429	6
43226	0.2027515582	154
43228	0.2109781808	155
43229	0.2031821894	154
43232	0.2109781808	155
43234	0.0750776647	30
43412	0.0590925335	0
43436	0.2591632621	152
43492	0.1717252571	49
43545	0.1385498755	10
43603	0.0958257803	7
43623	0.079668739	4
43648	0.1111827151	3
43650	0.1359726983	4
43933	0.0752368704	9
44038	0.1391301109	1
44042	0.0595924729	1
44085	0.1097611022	8
44237	0.4922037125	2704
44238	0.4601561706	2244
44248	0.0853148794	0
44249	0.2986340795	787
44255	0.112379288	39
44260	0.250749009	540
44262	0.0621040392	0
44264	0.0624485102	0
44267	0.1964795925	152
44270	0.0678411501	0
44271	0.1493516318	168
44272	0.0512056179	4
44391	0.2200422112	9
44422	0.173046182	33
44424	0.3336410744	587
44425	0.183197618	138
44427	0.217203742	16
44444	0.1715677676	88
44445	0.0692914807	4
44446	0.141555153	16
44461	0.2657203881	13
44462	0.0364253906	2
44463	0.2657203881	13
44464	0.3463983535	950
45184	0.0758997228	27
45259	0.1811370915	14
45261	0.3894737701	9
45333	0.0895480267	0
46034	0.0866467266	16
46039	0.0779665001	4
46040	0.4363549143	13
46049	0.1868325964	0
46112	0.2610718098	2
46128	0.0970390117	16
46129	0.1981647206	25
46130	0.0613284632	0
46148	0.0643843324	0
46218	0.0755889099	4
46219	0.3447852232	6
46351	0.4075209845	3
46365	0.1118846146	0
46385	0.0053336301	0
46390	0.2789436358	56
46394	0.2204134817	90
46395	0.0696601953	4
46405	0.1630812644	4
46417	0.1794064395	4
46434	0.062442745	0
46467	0.2172359445	1
46483	0.300710714	810
46490	0.6305017543	12
46493	0.2924161905	1
46501	0.0556973524	0
46700	0.0622463072	0
46872	0.1770444208	38
46873	0.0737850303	8
46903	0.0517619992	9
46914	0.097697613	20
46915	0.0057527017	0
46916	0.0084003124	0
46933	0.5208370488	26
46942	0.028595801	0
46961	0.2620760335	2
48037	0.0824399971	11
48038	0.1890914962	17
48869	0.0435852652	0
48870	0.3063955442	29
48878	0.0083324206	0
50136	0.2915350339	21
50789	0.087094598	11
50793	0.0752885089	1
50794	0.0828600785	11
50801	0.0083324206	0
50896	0.0867321757	3
51002	0.3580118194	2
51003	0.3580118194	2
51119	0.1333750906	50
51128	0.0591159092	0
51171	0.0497822437	0
51179	0.1999036421	340
51183	0.1939288213	11
51186	0.1475085085	42
51188	0.1601658015	46
51189	0.1329894602	10
51213	0.023936355	1
51234	0.1868454166	287
51246	0.0809435698	0
51252	0.0491991863	0
51301	0.0933638502	11
51302	0.2020753408	4
51540	0.0909642333	0
51641	0.0692162628	20
51649	0.0679953915	21
51674	0.3063955442	29
51704	0.024538577	6
51707	0.0967120278	7
51716	0.0710473819	3
51726	0.3844233782	4
52689	0.0586374532	0
55065	0.0097266925	0
55072	0.0066070346	0
55076	0.0097266925	0
55080	0.0088943754	0
55082	0.0074214838	0
55086	0.1662565052	71
55114	0.1818777009	164
60089	0.0387036946	0
60255	0.0573526003	0
65003	0.0974181765	9
65007	0.0905575031	11
65008	0.0454280596	0
70011	0.0373782517	1
70271	0.1010178779	9
71103	0.0774492628	1
71554	0.033416836	1
1901661	0.0965306534	4
1901663	0.0965306534	4
