#GO function	AUPRC	# of gene families for which a GO function was predicted at Pr>=50%
49	0.0031	0
105	0.0016	0
107	2.0E-4	0
154	0.0022	0
160	0.0114	0
162	8.0E-4	0
166	0.1103	3
270	0.0061	0
271	0.0112	0
413	0.0016	0
502	6.0E-4	0
746	0.0019	0
902	0.0029	0
910	0.0043	0
917	0.0027	0
1071	0.0241	0
1510	0.0032	0
1514	2.0E-4	0
1539	0.0045	0
1682	4.0E-4	0
1882	0.0799	3
1883	0.0793	3
2161	4.0E-4	0
2252	0.0018	0
2376	0.0019	0
3333	7.0E-4	0
3676	0.1814	0
3677	0.1297	0
3700	0.0239	0
3723	0.0233	0
3735	0.0137	0
3755	0.0016	0
3774	0.0046	0
3824	0.5471	9549
3896	0.0023	0
3899	0.0042	0
3916	0.0097	0
3918	4.0E-4	0
3924	0.0032	0
3954	0.0033	0
4386	0.0119	0
4518	0.041	0
4519	0.027	0
4526	9.0E-4	0
4527	0.0148	0
4540	0.0064	0
4553	0.0153	0
4774	1.0E-4	0
4775	1.0E-4	0
4803	0.0067	0
4812	0.0048	0
4820	4.0E-4	0
4857	0.0019	0
4871	0.0126	0
4872	0.0088	0
5198	0.0164	0
5215	0.0724	0
5315	7.0E-4	0
5351	0.0024	0
5402	0.0024	0
5488	0.3725	14
5506	0.01	0
5515	0.0138	0
5524	0.0736	4
5525	0.0071	0
5618	0.0025	0
5622	0.1002	4
5623	0.1921	1
5694	0.0067	0
5737	0.0745	4
5829	0.0015	0
5840	0.015	0
5886	0.0604	0
5975	0.0536	0
5976	0.0156	0
5996	0.0096	0
6006	0.0051	0
6007	0.0046	0
6022	0.007	0
6023	0.0017	0
6024	0.0017	0
6066	0.0026	0
6081	0.0016	0
6082	0.0385	0
6084	0.0011	0
6090	6.0E-4	0
6091	0.0131	0
6098	0.0014	0
6105	3.0E-4	0
6119	0.0014	0
6139	0.1823	0
6152	0.015	0
6163	0.0232	0
6164	0.0081	0
6184	0.0042	0
6188	0.001	0
6189	0.001	0
6195	0.0149	0
6200	0.0117	0
6213	0.0024	0
6220	0.0029	0
6221	0.0026	0
6222	0.0017	0
6259	0.0536	0
6260	0.0147	0
6261	0.0047	0
6265	0.0054	0
6269	0.0025	0
6276	0.0013	0
6281	0.0136	0
6304	0.0085	0
6310	0.0205	0
6313	0.0086	0
6323	0.0013	0
6351	0.0629	0
6355	0.0604	0
6364	0.0043	0
6396	0.0141	0
6399	0.0131	0
6412	0.0246	0
6414	0.0035	0
6417	0.0029	0
6418	0.0045	0
6426	4.0E-4	0
6448	8.0E-4	0
6450	8.0E-4	0
6451	2.0E-4	0
6457	0.0039	0
6461	0.0038	0
6520	0.0268	0
6525	0.0021	0
6526	9.0E-4	0
6527	6.0E-4	0
6536	0.0052	0
6541	0.0021	0
6544	0.0016	0
6546	8.0E-4	0
6547	0.0022	0
6551	6.0E-4	0
6560	3.0E-4	0
6561	3.0E-4	0
6568	0.001	0
6575	0.0056	0
6576	0.0032	0
6580	0.0019	0
6586	0.001	0
6629	0.0237	0
6631	0.0038	0
6633	0.0035	0
6637	0.0011	0
6643	0.0025	0
6644	0.0061	0
6664	0.0022	0
6720	0.003	0
6721	0.0023	0
6725	0.2016	0
6730	0.0028	0
6732	0.0148	0
6733	0.0035	0
6739	0.0017	0
6740	0.0014	0
6753	0.0334	0
6754	0.0044	0
6766	0.0091	0
6767	0.0091	0
6771	0.001	0
6772	0.003	0
6777	0.0014	0
6778	0.0033	0
6779	0.0027	0
6782	0.0016	0
6783	8.0E-4	0
6790	0.0096	0
6793	0.074	0
6796	0.0718	0
6807	0.2284	0
6810	0.102	0
6811	0.0287	0
6812	0.0159	0
6813	0.0039	0
6814	0.0048	0
6817	5.0E-4	0
6818	0.0049	0
6820	0.0092	0
6865	0.0032	0
6869	8.0E-4	0
6928	0.0049	0
6935	0.0033	0
6950	0.0307	0
6952	0.0097	0
6974	0.016	0
6996	0.0051	0
7049	0.0123	0
7059	0.0012	0
7154	0.0221	0
7155	0.0088	0
7165	0.0206	0
8026	0.0024	0
8094	0.0013	0
8104	0.0167	0
8137	0.0023	0
8152	0.5029	8002
8168	0.0325	0
8172	0.0037	0
8233	0.0299	0
8272	5.0E-4	0
8299	0.0031	0
8324	0.0195	0
8360	0.0025	0
8410	3.0E-4	0
8509	0.0103	0
8556	3.0E-4	0
8610	0.0159	0
8616	0.0021	0
8643	0.0067	0
8652	0.0179	0
8654	0.0064	0
8746	3.0E-4	0
8750	2.0E-4	0
8851	2.0E-4	0
8901	9.0E-4	0
8915	2.0E-4	0
8940	6.0E-4	0
8982	0.0028	0
8988	2.0E-4	0
9039	3.0E-4	0
9055	0.0123	0
9056	0.0497	0
9058	0.1827	0
9059	0.1147	0
9061	0.0035	0
9063	0.0049	0
9064	0.0047	0
9065	0.0023	0
9066	0.0042	0
9067	0.0044	0
9069	0.0021	0
9071	8.0E-4	0
9072	0.0038	0
9073	0.0026	0
9081	8.0E-4	0
9082	8.0E-4	0
9084	0.0018	0
9098	6.0E-4	0
9106	2.0E-4	0
9107	2.0E-4	0
9108	0.0105	0
9110	0.0091	0
9116	0.0251	0
9117	0.0334	0
9119	0.0226	0
9123	0.0178	0
9124	0.0081	0
9125	0.0127	0
9126	0.014	0
9127	0.0055	0
9128	0.0117	0
9129	0.0024	0
9130	0.0024	0
9141	0.0188	0
9142	0.0051	0
9143	0.0156	0
9144	0.0162	0
9145	0.0041	0
9146	0.015	0
9150	0.0222	0
9152	0.0075	0
9154	0.0151	0
9156	0.0088	0
9158	0.0117	0
9161	0.0156	0
9163	0.0082	0
9164	0.0147	0
9165	0.0138	0
9166	0.0158	0
9167	0.014	0
9168	0.0055	0
9169	0.0117	0
9173	0.0017	0
9174	0.0017	0
9199	0.0159	0
9201	0.0042	0
9203	0.015	0
9205	0.0162	0
9206	0.0041	0
9207	0.015	0
9218	0.0018	0
9220	0.0018	0
9225	0.0017	0
9228	0.0025	0
9231	0.001	0
9235	0.0043	0
9236	0.0044	0
9240	8.0E-4	0
9245	0.0014	0
9247	0.0017	0
9252	0.0016	0
9259	0.0234	0
9260	0.0112	0
9261	0.0151	0
9268	5.0E-4	0
9273	0.0026	0
9274	0.001	0
9276	8.0E-4	0
9279	0.0168	0
9288	0.0049	0
9289	0.0051	0
9292	0.0011	0
9294	5.0E-4	0
9306	0.0114	0
9308	0.0042	0
9309	0.0015	0
9311	0.0028	0
9312	0.0029	0
9325	4.0E-4	0
9376	2.0E-4	0
9399	0.001	0
9401	0.0054	0
9404	0.002	0
9405	0.009	0
9425	0.0024	0
9426	4.0E-4	0
9435	9.0E-4	0
9451	0.0093	0
9521	0.001	0
9522	3.0E-4	0
9523	7.0E-4	0
9579	0.0015	0
9605	0.0063	0
9607	0.0047	0
9615	0.0024	0
9628	0.0019	0
9653	0.0048	0
9767	6.0E-4	0
9772	3.0E-4	0
9847	0.0015	0
9889	0.0641	0
9891	5.0E-4	0
9893	5.0E-4	0
9987	0.4016	0
10035	0.005	0
10038	0.0014	0
10467	0.1043	0
10468	0.0655	0
10556	0.0641	0
10557	5.0E-4	0
10604	5.0E-4	0
10608	0.0033	0
10628	4.0E-4	0
10876	8.0E-4	0
15031	0.0168	0
15074	0.0065	0
15075	0.0262	0
15077	0.012	0
15078	0.0099	0
15079	7.0E-4	0
15081	0.0034	0
15097	0.0023	0
15098	3.0E-4	0
15103	0.0037	0
15116	4.0E-4	0
15144	0.0045	0
15197	7.0E-4	0
15235	0.0011	0
15267	0.0031	0
15291	0.008	0
15293	0.0052	0
15294	0.0049	0
15295	0.0024	0
15370	0.0032	0
15399	0.0107	0
15405	0.0107	0
15419	3.0E-4	0
15420	0.001	0
15604	3.0E-4	0
15662	5.0E-4	0
15672	0.0118	0
15689	3.0E-4	0
15694	0.0023	0
15698	0.0042	0
15711	0.0045	0
15716	4.0E-4	0
15774	0.001	0
15833	6.0E-4	0
15849	0.0042	0
15920	4.0E-4	0
15935	0.001	0
15939	6.0E-4	0
15940	4.0E-4	0
15947	0.005	0
15948	0.005	0
15975	0.005	0
15979	0.0022	0
15980	0.0086	0
15985	0.0044	0
15986	0.0044	0
15988	0.0023	0
15991	0.0023	0
15992	0.0049	0
15994	0.001	0
15995	9.0E-4	0
16020	0.2183	0
16021	0.1364	0
16032	0.0031	0
16043	0.0247	0
16051	0.015	0
16052	0.0101	0
16053	0.0265	0
16054	0.0043	0
16070	0.0852	0
16072	0.0043	0
16114	0.0023	0
16151	0.0021	0
16163	2.0E-4	0
16168	4.0E-4	0
16337	4.0E-4	0
16405	2.0E-4	0
16433	3.0E-4	0
16462	0.0416	0
16469	0.0042	0
16491	0.0639	0
16628	0.0013	0
16651	0.0043	0
16652	4.0E-4	0
16655	0.0047	0
16661	0.001	0
16695	8.0E-4	0
16699	9.0E-4	0
16725	6.0E-4	0
16730	0.0012	0
16732	2.0E-4	0
16740	0.1794	0
16741	0.0374	0
16746	0.0366	0
16747	0.0296	0
16757	0.0161	0
16763	0.0037	0
16772	0.0599	0
16773	0.0173	0
16779	0.0189	0
16782	0.0032	0
16787	0.2116	0
16788	0.0616	0
16798	0.0199	0
16810	0.0138	0
16811	0.0054	0
16817	0.0439	0
16818	0.0429	0
16820	0.009	0
16829	0.0285	0
16835	0.0088	0
16836	0.0057	0
16837	0.0011	0
16840	0.0032	0
16841	0.0011	0
16851	3.0E-4	0
16853	0.0195	0
16859	0.0016	0
16874	0.0187	0
16875	0.0119	0
16876	0.0119	0
16877	8.0E-4	0
16878	8.0E-4	0
16879	0.0082	0
16881	0.0019	0
16884	0.0022	0
16887	0.0216	0
17004	0.0022	0
17076	0.0835	3
17111	0.0411	0
18130	0.1024	1
18193	0.003	0
18208	0.0016	0
18298	3.0E-4	0
18493	2.0E-4	0
18697	2.0E-4	0
18822	3.0E-4	0
19001	0.0085	0
19012	0.0062	0
19015	0.0052	0
19028	0.0033	0
19038	0.0052	0
19058	0.0019	0
19068	0.0015	0
19069	6.0E-4	0
19219	0.0621	0
19222	0.071	0
19288	8.0E-4	0
19318	0.0058	0
19320	0.0059	0
19359	0.0013	0
19362	0.0028	0
19363	0.001	0
19386	0.0021	0
19438	0.0993	0
19439	0.0247	0
19538	0.0636	0
19545	3.0E-4	0
19627	4.0E-4	0
19634	6.0E-4	0
19637	0.0442	0
19674	0.0014	0
19682	8.0E-4	0
19684	7.0E-4	0
19693	0.0237	0
19700	2.0E-4	0
19720	0.0014	0
19748	0.0022	0
19752	0.0376	0
19829	0.0035	0
19843	0.005	0
19867	0.0215	0
20037	0.0065	0
22603	0.0025	0
22604	0.0025	0
22607	0.014	0
22610	0.0087	0
22613	0.0056	0
22803	0.0031	0
22804	0.0195	0
22857	0.0407	0
22890	0.0171	0
22891	0.0342	0
22892	0.0355	0
22900	0.0061	0
23052	0.0206	0
30001	0.0096	0
30030	0.005	0
30031	0.0038	0
30153	7.0E-4	0
30170	0.0051	0
30203	0.0066	0
30234	0.0033	0
30260	2.0E-4	0
30261	7.0E-4	0
30269	0.0021	0
30288	0.0038	0
30312	0.0194	0
30313	0.0202	0
30420	7.0E-4	0
30529	0.0171	0
30554	0.0746	4
30599	3.0E-4	0
30694	7.0E-4	0
30699	0.0014	0
31167	0.0022	0
31224	0.1359	0
31323	0.067	0
31325	5.0E-4	0
31326	0.0641	0
31328	5.0E-4	0
31344	3.0E-4	0
31597	2.0E-4	0
31975	0.0202	0
32196	0.0091	0
32259	0.0325	0
32268	0.0024	0
32324	0.0014	0
32502	0.0067	0
32506	0.0027	0
32549	0.0795	3
32550	0.0792	3
32553	0.0865	2
32555	0.0797	3
32559	0.0736	4
32561	0.0085	0
32774	0.0686	0
32787	0.0078	0
32940	0.0114	0
32989	0.0029	0
32991	0.0415	0
33013	0.0083	0
33014	0.0089	0
33036	0.0182	0
33037	0.001	0
33043	3.0E-4	0
33178	0.0012	0
33554	0.02	0
34062	0.0042	0
34220	0.008	0
34357	0.0015	0
34470	0.012	0
34622	0.0032	0
34637	0.0067	0
34641	0.2054	0
34645	0.1089	0
34654	0.0859	4
34655	0.0187	0
34660	0.0145	0
35383	0.0011	0
35435	3.0E-4	0
35639	0.0792	3
36094	0.1179	2
36442	8.0E-4	0
40011	0.0061	0
42086	0.0021	0
42120	0.0014	0
42122	9.0E-4	0
42126	4.0E-4	0
42168	0.0017	0
42221	0.0094	0
42254	0.0056	0
42278	0.0206	0
42330	0.0033	0
42364	0.0091	0
42398	0.0034	0
42401	0.0015	0
42430	0.001	0
42435	8.0E-4	0
42439	0.0017	0
42440	0.0038	0
42451	0.0061	0
42454	0.0146	0
42455	0.0078	0
42546	0.0026	0
42597	0.0119	0
42623	0.0128	0
42625	0.0036	0
42626	0.0079	0
42651	0.0013	0
42710	0.0015	0
42723	0.003	0
42724	0.0025	0
42726	0.001	0
42727	0.001	0
42773	0.0011	0
42777	0.0032	0
42822	0.0017	0
42823	0.0017	0
42886	0.0019	0
42995	0.0074	0
43038	0.0045	0
43039	0.0045	0
43086	0.0026	0
43163	0.001	0
43165	0.001	0
43167	0.1751	4
43168	0.1017	2
43169	0.0886	0
43170	0.2415	0
43225	6.0E-4	0
43226	0.0303	0
43228	0.0286	0
43229	0.0289	0
43232	0.0286	0
43234	0.0205	0
43412	0.0296	0
43414	0.0082	0
43419	3.0E-4	0
43436	0.0374	0
43446	0.005	0
43447	0.005	0
43492	0.0079	0
43545	0.0014	0
43565	0.0207	0
43570	7.0E-4	0
43571	7.0E-4	0
43603	0.0054	0
43604	0.0037	0
43605	7.0E-4	0
43623	0.003	0
43900	5.0E-4	0
43933	0.0047	0
44036	0.0064	0
44038	0.0026	0
44085	0.0212	0
44087	0.0011	0
44091	0.001	0
44092	0.0025	0
44106	0.003	0
44205	0.0014	0
44237	0.3187	6
44238	0.3299	13
44247	8.0E-4	0
44248	0.0336	0
44249	0.1685	0
44255	0.0175	0
44260	0.1953	0
44262	0.0107	0
44267	0.0378	0
44270	0.0206	0
44271	0.1027	0
44272	0.0083	0
44275	0.0012	0
44281	0.0831	0
44282	0.0074	0
44283	0.037	0
44391	0.0025	0
44403	0.0032	0
44409	2.0E-4	0
44419	0.0032	0
44422	0.0106	0
44423	0.006	0
44424	0.0896	4
44425	0.1367	0
44427	0.0038	0
44436	0.0015	0
44444	0.0212	0
44445	9.0E-4	0
44446	0.0084	0
44461	0.0028	0
44462	0.0194	0
44463	0.0028	0
44464	0.1921	1
44699	0.3015	0
44700	0.0206	0
44710	0.1947	0
44711	0.0681	0
44712	0.0277	0
44723	0.0259	0
44724	0.0046	0
44763	0.2298	0
44764	0.0077	0
44765	0.0696	0
44767	0.0047	0
44769	0.0028	0
44780	0.0025	0
44781	0.0045	0
44802	0.0015	0
45135	9.0E-4	0
45156	5.0E-4	0
45184	0.0167	0
45226	8.0E-4	0
45227	3.0E-4	0
45229	0.0021	0
45230	3.0E-4	0
45259	0.0031	0
45261	5.0E-4	0
45333	0.0065	0
45893	4.0E-4	0
45935	4.0E-4	0
46034	0.0133	0
46039	0.0061	0
46040	0.001	0
46049	0.0017	0
46116	0.0021	0
46128	0.0199	0
46129	0.0061	0
46130	0.015	0
46131	0.0021	0
46132	0.0021	0
46134	0.0021	0
46148	0.0023	0
46164	0.0014	0
46219	8.0E-4	0
46336	0.0028	0
46365	0.004	0
46379	8.0E-4	0
46390	0.0107	0
46394	0.0262	0
46395	0.0043	0
46405	3.0E-4	0
46434	0.018	0
46467	0.0017	0
46483	0.2027	0
46490	8.0E-4	0
46493	0.0014	0
46496	0.0028	0
46501	0.0016	0
46689	9.0E-4	0
46700	0.0209	0
46872	0.0877	0
46873	0.0064	0
46903	0.0119	0
46906	0.0089	0
46914	0.0391	0
46933	0.0028	0
46942	0.0042	0
46961	8.0E-4	0
46992	0.0016	0
48037	0.029	0
48038	0.0034	0
48518	6.0E-4	0
48522	6.0E-4	0
48856	0.0048	0
48869	0.0048	0
48870	0.0045	0
50136	0.0033	0
50485	0.0016	0
50497	2.0E-4	0
50524	2.0E-4	0
50787	0.0023	0
50789	0.0902	0
50790	0.004	0
50793	0.0027	0
50794	0.0848	0
50896	0.0596	0
51002	4.0E-4	0
51003	4.0E-4	0
51119	0.0028	0
51128	0.0053	0
51171	0.0621	0
51173	4.0E-4	0
51179	0.1069	0
51183	0.0017	0
51186	0.0181	0
51188	0.0133	0
51189	0.0016	0
51213	0.0071	0
51234	0.103	0
51246	0.0024	0
51252	0.0605	0
51254	4.0E-4	0
51276	0.0019	0
51301	0.0115	0
51302	4.0E-4	0
51536	0.0221	0
51539	0.0071	0
51540	0.0225	0
51607	0.0018	0
51641	0.0125	0
51649	0.0122	0
51674	0.0045	0
51701	7.0E-4	0
51704	0.0197	0
51707	0.0045	0
51716	0.0373	0
51726	3.0E-4	0
51806	2.0E-4	0
51828	2.0E-4	0
52126	2.0E-4	0
52192	2.0E-4	0
52689	0.0047	0
52803	0.0025	0
55085	0.0382	0
55086	0.0378	0
55114	0.0687	0
55129	2.0E-4	0
60089	0.013	0
60255	0.0668	0
60491	3.0E-4	0
61024	0.0021	0
61505	4.0E-4	0
65003	0.0039	0
65007	0.0933	0
65008	0.0092	0
65009	0.0041	0
70011	0.0226	0
70035	0.0024	0
70271	0.0038	0
70283	8.0E-4	0
70589	0.0026	0
70925	0.0031	0
71103	0.0053	0
71554	0.0074	0
71702	0.0356	0
71704	0.3642	16
71705	0.0074	0
71709	0.001	0
71822	0.0048	0
71840	0.032	0
71941	0.0023	0
71944	0.0754	0
72330	0.0049	0
72348	0.0018	0
72509	7.0E-4	0
72511	0.0017	0
72521	0.0238	0
72522	0.008	0
72523	0.0156	0
72524	0.0031	0
72525	0.0015	0
72527	0.0067	0
72528	0.0056	0
80090	0.0661	0
80109	2.0E-4	0
90304	0.1495	0
90305	0.0159	0
90407	0.0251	0
90482	0.0012	0
90529	0.0027	0
97159	0.2862	0
97367	0.0866	2
98542	0.0042	0
1900190	2.0E-4	0
1901068	0.0049	0
1901069	0.0042	0
1901135	0.048	0
1901136	0.021	0
1901137	0.0215	0
1901160	0.0013	0
1901161	0.0028	0
1901264	7.0E-4	0
1901265	0.1103	3
1901269	0.0014	0
1901271	0.0014	0
1901292	0.0166	0
1901293	0.0145	0
1901360	0.2038	0
1901361	0.0264	0
1901362	0.1059	1
1901363	0.284	0
1901476	0.0045	0
1901564	0.0754	0
1901565	0.0275	0
1901566	0.0394	0
1901575	0.0456	0
1901576	0.1735	0
1901605	0.0172	0
1901606	0.0043	0
1901607	0.0151	0
1901615	0.0033	0
1901616	0.0014	0
1901657	0.0251	0
1901658	0.0147	0
1901659	0.0085	0
1901677	5.0E-4	0
1901682	7.0E-4	0
1902115	3.0E-4	0
1902208	3.0E-4	0
1902494	0.0084	0
1902589	0.0017	0
1990204	0.0029	0
2000112	0.0641	0
2001057	4.0E-4	0
2001141	0.0608	0
