#GO function	AUPRC	# of gene families for which a GO function was predicted at Pr>=50%
49	0.0414	0
105	0.4774	14
107	0.7796	0
154	0.0805	0
160	0.0239	0
162	0.3052	3
166	0.225	275
270	0.0638	0
271	0.0309	1
413	0.017	0
502	0.1997	2
746	0.1815	10
902	0.0854	0
910	0.0109	0
917	0.0132	0
1071	0.0406	0
1510	0.0623	1
1514	0.5235	1
1539	0.1783	11
1682	0.0989	0
1882	0.2198	230
1883	0.2194	225
2161	0.2283	1
2252	0.114	22
2376	0.1014	22
3333	0.0198	0
3676	0.2597	269
3677	0.1771	0
3700	0.0406	0
3723	0.2036	82
3735	0.352	107
3755	0.017	0
3774	0.1767	12
3824	0.6443	15792
3896	0.0491	0
3899	0.0497	0
3916	0.0275	2
3918	0.1119	1
3924	0.0521	0
3954	0.1932	13
4386	0.033	0
4518	0.1263	86
4519	0.1168	61
4526	0.0166	0
4527	0.1965	86
4540	0.0151	0
4553	0.0886	0
4774	0.3961	0
4775	0.3961	0
4803	0.0536	8
4812	0.1929	11
4820	0.2793	4
4857	0.0139	0
4871	0.0223	0
4872	0.0647	0
5198	0.278	114
5215	0.1414	57
5315	0.3122	3
5351	0.0999	1
5402	0.0999	1
5488	0.4619	3819
5506	0.0317	0
5515	0.0223	0
5524	0.1957	159
5525	0.0663	0
5618	0.0532	2
5622	0.2887	636
5623	0.3407	1411
5694	0.2191	34
5737	0.3095	445
5829	0.0293	1
5840	0.3018	106
5886	0.1247	0
5975	0.1054	4
5976	0.0331	0
5996	0.0444	1
6006	0.0672	0
6007	0.069	0
6022	0.0607	0
6023	0.2322	0
6024	0.2322	0
6066	0.0806	0
6081	0.1466	3
6082	0.2007	115
6084	0.0485	0
6090	0.2445	3
6091	0.0964	29
6098	0.0722	0
6105	0.1177	0
6119	0.0981	0
6139	0.2684	419
6152	0.0613	0
6163	0.0829	6
6164	0.1147	15
6184	0.0498	0
6188	0.0992	1
6189	0.0992	1
6195	0.0595	0
6200	0.064	0
6213	0.0964	0
6220	0.1096	0
6221	0.0763	0
6222	0.0816	0
6259	0.1164	0
6260	0.0483	2
6261	0.0693	2
6265	0.0286	2
6269	0.0393	0
6276	0.1118	0
6281	0.0496	0
6304	0.0387	0
6310	0.0627	0
6313	0.0647	6
6323	0.0447	0
6351	0.0839	0
6355	0.0828	0
6364	0.0581	0
6396	0.0844	0
6399	0.1652	20
6412	0.3169	172
6414	0.0825	1
6417	0.0624	2
6418	0.305	11
6426	0.3351	4
6448	0.149	1
6450	0.1632	1
6451	0.5235	1
6457	0.0327	1
6461	0.0206	0
6520	0.2271	99
6525	0.1412	2
6526	0.2324	2
6527	0.0489	0
6536	0.0247	0
6541	0.0355	0
6544	0.0772	0
6546	0.1785	0
6547	0.3543	14
6551	0.3247	1
6560	0.3545	0
6561	0.3545	0
6568	0.1527	3
6575	0.0468	4
6576	0.1481	5
6580	0.2275	0
6586	0.1527	3
6629	0.0539	1
6631	0.0225	5
6633	0.026	5
6637	0.0412	0
6643	0.0699	3
6644	0.068	0
6664	0.078	3
6720	0.0892	3
6721	0.1099	3
6725	0.2943	633
6730	0.2207	0
6732	0.088	2
6733	0.095	0
6739	0.0811	0
6740	0.0687	0
6753	0.1283	44
6754	0.1362	18
6766	0.2358	48
6767	0.2358	48
6771	0.2863	9
6772	0.0272	2
6777	0.1798	0
6778	0.0548	8
6779	0.0649	8
6782	0.2391	0
6783	0.1593	1
6790	0.0439	0
6793	0.1567	65
6796	0.1488	54
6807	0.3382	907
6810	0.1806	130
6811	0.1005	64
6812	0.0924	40
6813	0.0394	7
6814	0.0819	14
6817	0.326	6
6818	0.0463	21
6820	0.0639	0
6865	0.02	2
6869	0.1171	0
6928	0.1639	11
6935	0.07	2
6950	0.0609	0
6952	0.0464	18
6974	0.0496	0
6996	0.0425	0
7049	0.0471	1
7059	0.1382	4
7154	0.033	0
7155	0.0821	0
7165	0.0298	0
8026	0.0123	1
8094	0.0901	2
8104	0.0698	1
8137	0.1384	8
8152	0.6074	15792
8168	0.0531	0
8172	0.1688	0
8233	0.0394	0
8272	0.0635	6
8299	0.0958	3
8324	0.0706	28
8360	0.0952	0
8410	0.1257	4
8509	0.0724	5
8556	0.1632	6
8610	0.061	3
8616	0.1112	0
8643	0.2164	33
8652	0.2487	70
8654	0.0719	0
8746	0.1016	2
8750	0.1532	2
8851	0.1621	4
8901	0.0608	4
8915	0.0642	0
8940	0.3512	1
8982	0.2247	0
8988	0.1801	0
9039	0.7255	4
9055	0.0586	25
9056	0.0949	1
9058	0.3064	845
9059	0.2017	235
9061	0.4272	34
9063	0.0532	0
9064	0.0924	0
9065	0.0652	0
9066	0.0374	0
9067	0.0415	0
9069	0.0319	0
9071	0.1785	0
9072	0.0847	2
9073	0.1143	2
9081	0.2051	0
9082	0.2201	0
9084	0.1876	2
9098	0.3247	1
9106	0.7779	0
9107	0.7779	0
9108	0.0893	11
9110	0.2479	47
9116	0.0937	9
9117	0.1297	44
9119	0.0982	10
9123	0.1001	6
9124	0.1498	22
9125	0.0585	0
9126	0.0808	4
9127	0.1236	14
9128	0.064	0
9129	0.0463	0
9130	0.0463	0
9141	0.0762	4
9142	0.12	17
9143	0.0615	0
9144	0.0683	3
9145	0.1336	18
9146	0.0613	0
9150	0.0853	6
9152	0.1241	16
9154	0.0607	0
9156	0.1577	21
9158	0.064	0
9161	0.1031	6
9163	0.1425	22
9164	0.06	0
9165	0.1358	30
9166	0.0542	0
9167	0.0808	4
9168	0.1236	14
9169	0.064	0
9173	0.0816	0
9174	0.0816	0
9199	0.0772	3
9201	0.1275	17
9203	0.0613	0
9205	0.0683	3
9206	0.1336	18
9207	0.0613	0
9218	0.1648	0
9220	0.1648	0
9225	0.0143	0
9228	0.0228	1
9231	0.2863	9
9235	0.3289	30
9236	0.3359	30
9240	0.3496	3
9245	0.1658	3
9247	0.1255	3
9252	0.2468	0
9259	0.1189	21
9260	0.1748	34
9261	0.0607	0
9268	0.0473	0
9273	0.2047	0
9274	0.1829	7
9276	0.1946	6
9279	0.0425	0
9288	0.1748	21
9289	0.1836	0
9292	0.0523	0
9294	0.053	0
9306	0.0398	0
9308	0.0774	6
9309	0.1655	3
9311	0.1161	7
9312	0.1351	7
9325	0.5188	1
9376	0.7873	4
9399	0.2025	10
9401	0.3317	34
9404	0.0395	2
9405	0.1252	52
9425	0.1627	0
9426	0.227	1
9435	0.0863	6
9451	0.0727	0
9521	0.3825	22
9522	0.1101	0
9523	0.2281	7
9579	0.1416	32
9605	0.0478	2
9607	0.0628	19
9615	0.1045	22
9628	0.0157	3
9653	0.0398	0
9767	0.4908	2
9772	0.2436	0
9847	0.0815	0
9889	0.0854	0
9891	0.0273	1
9893	0.0246	1
9987	0.5119	5781
10035	0.0607	9
10038	0.0654	9
10467	0.2014	279
10468	0.0873	0
10556	0.0854	0
10557	0.0273	1
10604	0.0273	1
10608	0.0588	2
10628	0.0369	4
10876	0.1171	0
15031	0.0691	1
15074	0.0432	0
15075	0.0829	26
15077	0.0442	32
15078	0.0316	25
15079	0.0478	5
15081	0.0129	0
15097	0.1259	0
15098	0.1115	2
15103	0.1003	10
15116	0.091	6
15144	0.1825	7
15197	0.0598	2
15235	0.3234	8
15267	0.0103	0
15291	0.0481	1
15293	0.0634	1
15294	0.0637	1
15295	0.0999	1
15370	0.0179	0
15399	0.1159	33
15405	0.1159	33
15419	0.1047	6
15420	0.3496	8
15604	0.1922	6
15662	0.0806	6
15672	0.0745	36
15689	0.1115	2
15694	0.1259	0
15698	0.1504	16
15711	0.0297	1
15716	0.2537	4
15774	0.1046	1
15833	0.0339	2
15849	0.0302	1
15920	0.2459	0
15935	0.1866	0
15939	0.4036	4
15940	0.4951	4
15947	0.4856	34
15948	0.4856	34
15975	0.4856	34
15979	0.1167	33
15980	0.1019	34
15985	0.1362	18
15986	0.1362	18
15988	0.1464	6
15991	0.1605	6
15992	0.0463	21
15994	0.0316	0
15995	0.0334	0
16020	0.2739	68
16021	0.1771	19
16032	0.1912	7
16043	0.0826	0
16051	0.0692	7
16052	0.0429	2
16053	0.1869	73
16054	0.0871	0
16070	0.1278	7
16072	0.0581	0
16114	0.1099	3
16151	0.2082	10
16163	0.1614	0
16168	0.4532	8
16337	0.1767	0
16405	0.1702	0
16433	0.0663	0
16462	0.121	24
16469	0.1274	18
16491	0.1118	34
16628	0.0342	0
16651	0.1807	26
16652	0.3227	0
16655	0.2427	26
16661	0.087	1
16695	0.122	3
16699	0.0608	4
16725	0.0169	0
16730	0.0773	4
16732	0.1614	0
16740	0.2248	0
16741	0.053	0
16746	0.0465	0
16747	0.0382	0
16757	0.026	1
16763	0.047	1
16772	0.0815	0
16773	0.0375	0
16779	0.0378	2
16782	0.0661	1
16787	0.2817	172
16788	0.1278	97
16798	0.0837	1
16810	0.0302	4
16811	0.0156	4
16817	0.1197	24
16818	0.1207	24
16820	0.1395	33
16829	0.0725	0
16835	0.0474	0
16836	0.0884	0
16837	0.0854	0
16840	0.0328	4
16841	0.0445	4
16851	0.3086	0
16853	0.0361	1
16859	0.017	0
16874	0.1113	8
16875	0.19	11
16876	0.19	11
16877	0.086	0
16878	0.086	0
16879	0.1103	4
16881	0.114	0
16884	0.1158	4
16887	0.108	2
17004	0.0265	0
17076	0.2142	225
17111	0.1201	24
18130	0.1556	113
18193	0.036	0
18208	0.017	0
18298	0.0331	0
18493	0.1416	0
18697	0.1614	0
18822	0.4437	1
19001	0.0446	0
19012	0.2322	56
19015	0.6144	46
19028	0.0569	5
19038	0.6144	46
19058	0.1139	5
19068	0.1552	5
19069	0.2947	5
19219	0.0855	0
19222	0.0933	0
19288	0.3496	3
19318	0.0363	0
19320	0.0682	0
19359	0.1645	5
19362	0.1032	1
19363	0.1432	5
19386	0.4755	0
19438	0.1525	124
19439	0.054	0
19538	0.1906	202
19545	0.1177	0
19627	0.4242	8
19634	0.4521	7
19637	0.1537	62
19674	0.1646	5
19682	0.3496	3
19684	0.1406	2
19693	0.1225	25
19700	0.5865	0
19720	0.1798	0
19748	0.027	2
19752	0.1994	107
19829	0.2023	23
19843	0.4152	58
19867	0.0527	0
20037	0.0404	3
22603	0.0929	0
22604	0.0952	0
22607	0.0566	0
22610	0.0551	0
22613	0.065	0
22803	0.0103	0
22804	0.1112	39
22857	0.1042	60
22890	0.0698	30
22891	0.0957	42
22892	0.0913	38
22900	0.0707	2
23052	0.0297	0
30001	0.0405	18
30030	0.0516	0
30031	0.0384	0
30153	0.1695	2
30170	0.045	1
30203	0.0631	0
30234	0.0305	0
30260	0.2071	0
30261	0.0925	0
30269	0.4892	0
30288	0.0615	8
30312	0.0633	7
30313	0.0705	7
30420	0.071	0
30529	0.3097	119
30554	0.1962	161
30599	0.5401	10
30694	0.4083	0
30699	0.2497	0
31167	0.0805	0
31224	0.178	19
31323	0.089	0
31325	0.0246	1
31326	0.0854	0
31328	0.0273	1
31344	0.038	0
31597	0.7873	4
31975	0.07	7
32196	0.064	6
32259	0.0501	0
32268	0.0524	2
32324	0.1798	0
32502	0.0726	0
32506	0.0132	0
32549	0.2193	232
32550	0.2187	223
32553	0.2107	229
32555	0.2129	223
32559	0.1952	159
32561	0.0446	0
32774	0.0876	0
32787	0.0522	0
32940	0.0398	0
32989	0.0854	0
32991	0.1914	188
33013	0.2032	44
33014	0.2214	44
33036	0.079	1
33037	0.1046	1
33043	0.038	0
33178	0.1739	1
33554	0.0605	0
34062	0.0487	0
34220	0.0817	24
34357	0.1416	32
34470	0.0892	0
34622	0.0226	0
34637	0.0225	0
34641	0.2948	626
34645	0.1989	226
34654	0.1136	2
34655	0.0555	0
34660	0.1564	9
35383	0.0412	0
35435	0.5254	0
35639	0.2193	228
36094	0.2339	319
36442	0.0816	0
40011	0.1632	30
42086	0.4892	0
42120	0.0467	0
42122	0.1197	0
42126	0.2638	1
42168	0.1023	1
42221	0.068	3
42254	0.065	0
42278	0.0771	6
42330	0.07	2
42364	0.2479	47
42398	0.0607	4
42401	0.1655	3
42430	0.1527	3
42435	0.3052	3
42439	0.2028	0
42440	0.0393	0
42451	0.1174	14
42454	0.0626	0
42455	0.1439	22
42546	0.1886	0
42597	0.0579	8
42623	0.1319	40
42625	0.2189	29
42626	0.1543	34
42651	0.1135	24
42710	0.0508	0
42723	0.0272	2
42724	0.0228	1
42726	0.2863	9
42727	0.2863	9
42773	0.1028	0
42777	0.2655	17
42822	0.011	4
42823	0.011	4
42886	0.0191	1
42995	0.1401	1
43038	0.2969	11
43039	0.2969	11
43086	0.0537	0
43163	0.1668	0
43165	0.1668	0
43167	0.2877	510
43168	0.2342	305
43169	0.126	9
43170	0.3285	916
43225	0.0823	6
43226	0.2302	149
43228	0.2471	149
43229	0.2312	149
43232	0.2471	149
43234	0.0785	40
43412	0.0573	0
43414	0.0408	0
43419	0.7255	4
43436	0.1998	108
43446	0.4856	34
43447	0.4856	34
43492	0.1543	34
43545	0.1798	0
43565	0.0304	0
43570	0.047	10
43571	0.047	10
43603	0.0994	13
43604	0.0539	5
43605	0.2775	4
43623	0.0241	0
43900	0.0708	0
43933	0.0195	0
44036	0.0495	0
44038	0.214	0
44085	0.0859	0
44087	0.0206	1
44091	0.1668	0
44092	0.0521	0
44106	0.1297	5
44205	0.1796	0
44237	0.4544	3168
44238	0.4402	2619
44247	0.1213	0
44248	0.0654	0
44249	0.2956	783
44255	0.0584	3
44260	0.2987	778
44262	0.0265	0
44267	0.2235	199
44270	0.0595	0
44271	0.1503	118
44272	0.037	0
44275	0.0708	0
44281	0.2788	358
44282	0.0705	3
44283	0.232	131
44391	0.2169	0
44403	0.0892	1
44409	0.2071	0
44419	0.0892	1
44422	0.1456	0
44423	0.2349	55
44424	0.3026	603
44425	0.1848	47
44427	0.3404	41
44436	0.1416	32
44444	0.2284	112
44445	0.2344	4
44446	0.1398	0
44461	0.1747	1
44462	0.0644	7
44463	0.1747	1
44464	0.3407	1411
44699	0.4299	2629
44700	0.0297	0
44710	0.3488	1245
44711	0.2563	375
44712	0.0754	0
44723	0.0674	4
44724	0.0709	0
44763	0.348	1048
44764	0.1015	0
44765	0.1351	106
44767	0.0405	0
44769	0.1995	17
44780	0.0547	0
44781	0.0667	0
44802	0.1048	0
45135	0.1197	0
45156	0.1376	0
45184	0.0698	1
45226	0.0832	0
45227	0.4129	1
45229	0.0534	0
45230	0.4129	1
45259	0.038	11
45261	0.2136	5
45333	0.1096	34
45893	0.0369	4
45935	0.0369	4
46034	0.0794	1
46039	0.0558	0
46040	0.0992	1
46049	0.0816	0
46116	0.1112	0
46128	0.0768	6
46129	0.1174	14
46130	0.0613	0
46131	0.1064	0
46132	0.1753	0
46134	0.1753	0
46148	0.0473	0
46164	0.0481	0
46219	0.3052	3
46336	0.0791	0
46365	0.0512	1
46379	0.0832	0
46390	0.1741	33
46394	0.1878	73
46395	0.0871	0
46405	0.5502	5
46434	0.0715	0
46467	0.1255	3
46483	0.2948	624
46490	0.3496	3
46493	0.1658	3
46496	0.1082	1
46501	0.2391	0
46689	0.1157	9
46700	0.056	0
46872	0.1251	13
46873	0.0262	6
46903	0.0419	0
46906	0.0672	26
46914	0.0624	9
46933	0.2126	17
46942	0.0302	1
46961	0.0816	0
46992	0.5232	9
48037	0.0722	0
48038	0.0723	0
48518	0.0178	1
48522	0.0225	1
48856	0.0391	0
48869	0.0394	0
48870	0.1759	11
50136	0.1932	13
50485	0.5232	9
50497	0.711	0
50524	0.711	0
50787	0.1259	0
50789	0.1132	0
50790	0.0326	0
50793	0.0886	0
50794	0.1095	0
50896	0.0839	0
51002	0.1246	0
51003	0.1246	0
51119	0.097	1
51128	0.0537	0
51171	0.0855	0
51173	0.0369	4
51179	0.1953	208
51183	0.22	8
51186	0.0955	12
51188	0.0996	19
51189	0.1626	0
51213	0.0151	0
51234	0.1821	137
51246	0.0524	2
51252	0.0839	0
51254	0.0369	4
51276	0.0529	10
51301	0.0442	1
51302	0.1481	2
51536	0.0435	0
51539	0.0434	0
51540	0.0434	0
51607	0.1215	22
51641	0.0518	3
51649	0.0515	3
51674	0.1759	11
51701	0.0956	0
51704	0.1322	89
51707	0.0641	19
51716	0.0521	0
51726	0.2002	2
51806	0.2071	0
51828	0.2071	0
52126	0.2071	0
52192	0.2071	0
52689	0.0543	1
52803	0.3266	14
55085	0.0625	10
55086	0.1329	42
55114	0.143	94
55129	0.5826	0
60089	0.0257	0
60255	0.0883	0
60491	0.038	0
61024	0.0979	0
61505	0.1119	1
65003	0.0203	0
65007	0.1164	0
65008	0.0394	1
65009	0.031	0
70011	0.0323	0
70035	0.0123	1
70271	0.0206	0
70283	0.1043	5
70589	0.214	0
70925	0.0429	0
71103	0.0169	2
71554	0.0421	0
71702	0.1088	44
71704	0.479	3835
71705	0.0252	4
71709	0.1668	0
71822	0.0237	0
71840	0.0933	0
71941	0.2698	20
71944	0.1415	0
72330	0.0454	7
72348	0.0466	6
72509	0.0504	0
72511	0.0345	0
72521	0.0881	8
72522	0.1168	13
72523	0.0569	0
72524	0.1234	0
72525	0.1469	3
72527	0.0774	0
72528	0.0827	0
80090	0.0881	0
80109	0.3363	0
90304	0.2095	108
90305	0.0395	8
90407	0.1402	45
90482	0.2998	8
90529	0.0132	0
97159	0.3792	1551
97367	0.2119	235
98542	0.0848	20
1900190	0.1835	0
1901068	0.043	0
1901069	0.0498	0
1901135	0.1368	37
1901136	0.0604	0
1901137	0.1282	28
1901160	0.095	0
1901161	0.0791	0
1901264	0.1094	0
1901265	0.225	275
1901269	0.1658	3
1901271	0.1658	3
1901292	0.0515	0
1901293	0.1348	30
1901360	0.2996	686
1901361	0.0556	0
1901362	0.1616	155
1901363	0.3788	1543
1901476	0.1825	7
1901564	0.275	388
1901565	0.0716	0
1901566	0.286	287
1901575	0.0938	1
1901576	0.2979	805
1901605	0.2019	63
1901606	0.0547	0
1901607	0.2625	63
1901615	0.0635	0
1901616	0.0481	0
1901657	0.0932	9
1901658	0.06	0
1901659	0.1386	22
1901677	0.2351	3
1901682	0.2053	6
1902115	0.038	0
1902208	0.038	0
1902494	0.0219	1
1902589	0.0568	10
1990204	0.1195	0
2000112	0.0843	0
2001057	0.2638	1
2001141	0.0829	0
