#GO function	AUPRC	# of gene families for which a GO function was predicted at Pr>=50%
104	0.1518723686	4
105	0.2165537114	8
160	0.0617264472	19
162	0.3981755668	0
166	0.2883078755	278
270	0.1390332366	17
271	0.0765908989	1
902	0.2213124695	21
1514	0.784105447	2
1539	0.2890798609	16
1882	0.2612631075	240
3676	0.2013170404	346
3677	0.1106555585	134
3700	0.0308302549	23
3723	0.2280354783	80
3735	0.4023900611	101
3755	0.0411362424	2
3774	0.1732034274	14
3824	0.7631514346	1768
3861	0.0012834859	0
3887	0.0241602455	1
3899	0.042591936	2
3916	0.056255389	2
3918	0.1778084014	2
3924	0.107877855	0
3954	0.3917096862	24
3989	0.1612193339	4
4129	0.3003712157	6
4333	0.5369627855	4
4371	0.2231298052	2
4375	0.5681321791	4
4386	0.0694886905	2
4553	0.0724520847	11
4774	0.7761094312	3
4775	0.7761094312	3
4803	0.1653352802	8
4812	0.26940333	33
4820	0.0064496874	0
4871	0.0685250784	48
5198	0.247800544	112
5215	0.1437848424	137
5315	0.1195290721	6
5342	0.0481549101	2
5381	0.1188048396	4
5488	0.5371441523	1744
5507	0.0488942427	0
5515	0.0243978669	0
5524	0.2318182109	179
5622	0.3291631255	489
5623	0.3558329063	680
5694	0.0385832972	2
5737	0.342776398	409
5829	0.0072469805	0
5840	0.3921705651	104
5886	0.0981862634	55
5975	0.1549221615	81
5976	0.0567842661	1
5996	0.0803033468	0
6022	0.1273915144	17
6023	0.4994297696	18
6024	0.4994297696	18
6063	0.2782606735	0
6064	0.2782606735	0
6066	0.0207464871	2
6071	0.080357155	1
6081	0.188568307	7
6082	0.3196043491	200
6090	0.3166271421	7
6091	0.1115763266	18
6119	0.1455737397	1
6139	0.2977627135	585
6152	0.0827367552	3
6163	0.1285944719	7
6164	0.1724032004	26
6184	0.0987090372	0
6188	0.2826443411	7
6189	0.3023236714	7
6195	0.0809964068	3
6200	0.0699746627	4
6259	0.1283340082	60
6260	0.0990877056	11
6261	0.0255197777	2
6265	0.056255389	2
6281	0.0934984994	6
6304	0.1340068068	12
6305	0.1523693015	1
6306	0.1523693015	1
6310	0.0529161166	0
6313	0.0738889432	7
6351	0.052609771	17
6355	0.0514371615	24
6396	0.1407893247	0
6399	0.2649332761	40
6400	0.1252649297	0
6412	0.3015590649	164
6414	0.0921546156	1
6417	0.1024414835	2
6418	0.5497874468	33
6426	0.0083408987	0
6448	0.160569608	2
6450	0.160569608	2
6451	0.784105447	2
6461	0.0121573887	0
6520	0.3428450883	157
6525	0.1912869235	8
6526	0.3593917368	8
6536	0.1025009981	0
6537	0.1298284907	1
6544	0.0942833218	3
6546	0.118351063	3
6547	0.1821040286	8
6548	0.1440849469	2
6551	0.0875964449	0
6553	0.038309853	2
6560	0.4623211552	1
6561	0.5703183757	1
6568	0.2194485162	0
6576	0.1014336438	0
6586	0.2194485162	0
6605	0.0105447499	0
6629	0.0930806801	26
6631	0.0201294241	4
6633	0.0213178698	4
6643	0.1578957124	0
6644	0.1252129281	5
6664	0.1880838825	0
6720	0.1265017405	8
6721	0.1686989641	8
6725	0.3534723067	716
6732	0.1218214945	6
6733	0.0440905646	0
6753	0.1739263897	44
6754	0.2135860044	13
6766	0.1887386341	22
6767	0.1887386341	22
6771	0.1631245389	3
6772	0.0751401837	0
6777	0.2222373781	10
6778	0.1372917474	7
6779	0.1527679619	8
6783	0.2424938397	5
6790	0.0537217586	0
6793	0.2286146179	143
6796	0.2267886594	142
6807	0.4290491589	1060
6810	0.1650793706	194
6811	0.0901174199	28
6812	0.094731048	30
6817	0.2732838887	5
6818	0.1394029609	20
6820	0.0467726882	8
6865	0.0292948904	3
6873	0.0899665977	3
6875	0.0523504523	4
6879	0.0544111503	4
6886	0.0092735114	0
6928	0.2835105225	16
6950	0.0668171838	4
6974	0.0897203036	6
7049	0.1002977389	17
7059	0.0210325597	0
7154	0.0706428238	54
7165	0.0716099226	52
8026	0.0764715264	2
8094	0.0762179102	1
8104	0.050853571	0
8137	0.2280870372	5
8152	0.7451500672	1768
8233	0.040477625	0
8299	0.1265017405	8
8324	0.1022622087	24
8360	0.2042576995	18
8410	0.1651895447	4
8509	0.041765871	2
8514	0.0400409141	2
8565	0.019270601	1
8610	0.1138354509	27
8616	0.1231706573	1
8643	0.0175294025	1
8652	0.3284312993	93
8653	0.0839380714	0
8654	0.128268765	6
8746	0.1530801361	4
8750	0.1530801361	4
8901	0.168663177	4
8940	0.4079022898	4
9055	0.0910436	3
9056	0.1094777795	3
9057	0.0223111198	1
9058	0.3894339096	862
9059	0.1902766151	301
9063	0.0513137442	2
9064	0.1598483618	9
9069	0.0350860096	1
9071	0.118351063	3
9072	0.1867284927	5
9073	0.2801796723	5
9081	0.1413507315	2
9082	0.1516566189	1
9084	0.3172955188	12
9085	0.046917175	2
9089	0.0491567698	2
9095	0.2472024947	2
9098	0.0875964449	0
9103	0.0853665905	0
9108	0.1207108108	8
9110	0.1961125395	22
9112	0.0577297428	0
9116	0.1395174184	5
9117	0.1751194298	44
9119	0.1398178992	8
9123	0.1297010863	11
9124	0.2286037449	38
9125	0.0685868122	4
9126	0.1072351295	5
9127	0.1685144418	18
9128	0.0699746627	4
9141	0.1096614951	5
9142	0.1418503472	12
9143	0.0823428397	3
9144	0.1023898986	3
9145	0.1691037696	12
9146	0.0827367552	3
9150	0.1267736027	6
9152	0.1677627603	26
9154	0.0823475199	3
9156	0.2359763519	40
9157	0.1639679132	1
9158	0.0699746627	4
9161	0.129893535	10
9162	0.0803635031	1
9163	0.1621802063	20
9164	0.0845462257	3
9165	0.1558635983	43
9166	0.0826396587	3
9167	0.1072351295	5
9168	0.1685144418	18
9169	0.0699746627	4
9176	0.1639679132	1
9177	0.1639679132	1
9187	0.0238895531	0
9190	0.0241620399	0
9199	0.1068418183	5
9201	0.1589026016	12
9203	0.0827367552	3
9205	0.1023898986	3
9206	0.1691037696	12
9207	0.0827367552	3
9228	0.0872588581	0
9229	0.0847896387	0
9231	0.1631245389	3
9233	0.1326408393	2
9234	0.1326408393	2
9235	0.1967291133	14
9236	0.1967291133	14
9240	0.4564258103	8
9245	0.3120439303	0
9247	0.233872328	0
9252	0.4994297696	18
9259	0.1541862348	21
9260	0.228192569	42
9261	0.0823475199	3
9262	0.0772497015	2
9273	0.4140120543	18
9279	0.044899346	9
9288	0.2730154714	16
9306	0.030351629	0
9308	0.0601248564	0
9309	0.1977978992	0
9311	0.1047674579	0
9312	0.127149903	0
9317	0.1612193339	4
9325	0.4713413302	4
9376	0.0709997897	0
9401	0.0146921041	1
9423	0.3016594636	3
9425	0.2266641149	1
9432	0.0311448063	0
9435	0.0567930446	0
9653	0.1297094079	21
9889	0.0599564512	22
9987	0.6311351792	1768
9991	0.0192547923	0
10467	0.177497281	271
10468	0.063210658	28
10556	0.0599564512	22
15002	0.2874862347	6
15031	0.0461339334	0
15075	0.101319575	32
15077	0.1354016217	32
15078	0.1347876862	26
15081	0.0904539767	1
15144	0.0229959731	1
15171	0.0188025542	4
15235	0.6012677662	9
15291	0.0755039516	10
15293	0.051106241	5
15294	0.0368062472	1
15343	0.17076383	4
15399	0.0862894714	16
15405	0.0862894714	16
15420	0.6511092954	9
15603	0.17076383	4
15604	0.5647410226	2
15627	0.0182821626	1
15628	0.0182821626	1
15672	0.1143022345	19
15688	0.17076383	4
15698	0.0658894521	5
15711	0.0204092344	2
15716	0.3673253931	2
15849	0.0209800436	2
15891	0.17076383	4
15925	0.0463114185	1
15930	0.2383092418	1
15936	0.0957840417	2
15937	0.1282098509	2
15939	0.0385214366	0
15940	0.0798867036	0
15942	0.0917213697	2
15980	0.1244275092	13
15985	0.2135860044	13
15986	0.2135860044	13
15988	0.1699241505	10
15991	0.1817409054	10
15992	0.1394029609	20
16020	0.2175979431	331
16021	0.1317165548	90
16043	0.0821409776	22
16051	0.1035226353	20
16052	0.0507140305	0
16053	0.2629090212	103
16054	0.0436346145	1
16070	0.1136228981	49
16114	0.1686989641	8
16209	0.025603146	2
16310	0.0738642689	1
16405	0.4402735779	3
16421	0.1612193339	4
16462	0.1590561257	18
16469	0.2395757461	20
16491	0.1870128768	186
16627	0.0220177689	2
16638	0.0859821543	4
16642	0.5681321791	4
16651	0.1975955457	27
16652	0.1530801361	4
16655	0.2861852602	23
16661	0.1350476462	0
16675	0.3003712157	6
16676	0.3003712157	6
16695	0.168663177	4
16699	0.168663177	4
16730	0.168663177	4
16740	0.2420572534	1
16758	0.0301960082	2
16779	0.0509690527	2
16782	0.0930141481	4
16783	0.0380064079	1
16787	0.2810073483	154
16798	0.0547487557	10
16817	0.1571273548	18
16818	0.1580209833	18
16820	0.0915935096	18
16829	0.0912437273	0
16838	0.0627076545	1
16849	0.0179908491	0
16859	0.0397534931	2
16874	0.1681717368	56
16875	0.2656190635	33
16876	0.2656190635	33
16877	0.1792628599	3
16878	0.1792628599	3
16879	0.1307945829	11
16881	0.1368668661	8
16885	0.0924052294	2
16887	0.1193742337	21
17004	0.0194509474	0
17076	0.2617514239	234
17111	0.158040976	17
18130	0.1792978402	193
18208	0.0411362424	2
19219	0.0530848095	22
19222	0.067597789	20
19288	0.4564258103	8
19359	0.062664582	0
19362	0.0486085869	0
19363	0.062664582	0
19400	0.0438082261	1
19438	0.1704771292	141
19439	0.0864796998	3
19464	0.4153549703	4
19538	0.221793954	211
19556	0.1440849469	2
19557	0.1440849469	2
19585	0.2782606735	0
19637	0.2150522258	132
19674	0.062664582	0
19682	0.4564258103	8
19692	0.1001478455	2
19693	0.1662564834	33
19720	0.2222373781	10
19725	0.03808737	1
19751	0.033075232	2
19752	0.3210489081	204
19829	0.1891240252	12
19843	0.4291228846	69
19867	0.0489378713	8
20037	0.0537389219	1
22603	0.1940993937	18
22604	0.2042576995	18
22607	0.0272777172	0
22613	0.1035634817	2
22804	0.0896051918	16
22857	0.1116364642	60
22890	0.1245454349	36
22891	0.0918613744	31
22892	0.0947587096	27
22900	0.1131324006	13
22904	0.0953954782	1
30001	0.041045892	2
30003	0.0523504523	4
30203	0.1390332366	17
30312	0.0446086255	12
30313	0.0508669954	12
30529	0.257442677	104
30554	0.2372605424	186
31224	0.1315647381	80
31323	0.0619807332	24
31326	0.0599564512	22
31668	0.0192547923	0
31975	0.050673759	12
32196	0.0727007367	7
32268	0.0840845885	2
32502	0.0958583977	21
32549	0.2606973374	239
32550	0.2599659864	237
32553	0.25703429	242
32555	0.2571717328	237
32559	0.231669446	179
32787	0.080085952	12
32989	0.2213124695	21
32991	0.1888075445	140
33036	0.04991754	1
33692	0.086765554	1
33865	0.0571643231	2
33866	0.1282098509	2
33875	0.0571643231	2
34030	0.1282098509	2
34032	0.0571643231	2
34033	0.1282098509	2
34061	0.0195899497	1
34062	0.042591936	2
34622	0.0109284905	0
34641	0.3589066288	721
34654	0.1147577095	46
34655	0.0867627579	3
34660	0.2608331475	42
40011	0.254640197	20
40029	0.1523693015	1
42126	0.3101646721	2
42168	0.1920066943	5
42180	0.0322644884	2
42181	0.0413044246	2
42254	0.1035634817	2
42278	0.1202790828	4
42357	0.0847896387	0
42364	0.1961125395	22
42401	0.1977978992	0
42430	0.2194485162	0
42435	0.3981755668	0
42440	0.093914054	5
42451	0.1248389168	14
42454	0.0834542121	3
42455	0.1650167049	20
42546	0.3971601387	18
42592	0.0302482585	2
42597	0.0284188466	4
42623	0.1040284138	9
42625	0.152747779	12
42626	0.0985763239	16
42723	0.0751401837	0
42724	0.0872588581	0
42726	0.1631245389	3
42727	0.1631245389	3
42773	0.1655133517	1
42777	0.3546981288	12
42822	0.0429662164	2
42823	0.0429662164	2
42927	0.17076383	4
42995	0.1885369192	14
43038	0.5497874468	33
43039	0.5497874468	33
43167	0.4094413331	750
43168	0.3015503179	328
43169	0.2072865403	0
43170	0.3292247072	700
43226	0.1915954758	124
43228	0.2016681072	124
43229	0.1919678552	124
43232	0.2016681072	124
43234	0.0820792771	29
43412	0.0941997441	0
43436	0.3214455588	202
43492	0.0985763239	16
43545	0.2222373781	10
43603	0.0474953539	0
43623	0.0105905386	0
43648	0.1067075095	2
43650	0.1518083383	2
43933	0.0183461946	0
44038	0.4325998606	18
44085	0.0917352573	18
44237	0.5752961466	1768
44238	0.5471480557	1732
44248	0.092353145	3
44249	0.3702860418	789
44255	0.1061432158	27
44260	0.2987924781	602
44262	0.0530509067	0
44264	0.0888880625	1
44267	0.2421631461	192
44270	0.0871073798	3
44271	0.1690546317	115
44272	0.0603811979	0
44391	0.2297089622	1
44422	0.114665429	1
44424	0.3414617424	497
44425	0.1404000456	100
44444	0.2151850813	108
44445	0.0200388371	0
44446	0.0872348856	1
44461	0.3135408978	14
44462	0.0513428135	11
44463	0.3135408978	14
44464	0.3558329063	680
45184	0.050853571	0
45226	0.1156801598	1
45259	0.2075392597	14
45261	0.3274245375	7
45333	0.1390441153	13
46034	0.0896322742	4
46039	0.0770959895	0
46040	0.2826443411	7
46112	0.1298443678	0
46116	0.1231706573	1
46128	0.1211062442	4
46129	0.1248389168	14
46130	0.0827367552	3
46148	0.1034582533	5
46219	0.3981755668	0
46365	0.0818281344	0
46379	0.1156801598	1
46390	0.2286708788	40
46394	0.2643892524	103
46395	0.0436346145	1
46417	0.1546223084	3
46434	0.0836374044	3
46451	0.0491567698	2
46467	0.233872328	0
46483	0.3602958018	764
46490	0.4564258103	8
46493	0.3120439303	0
46496	0.0486085869	0
46700	0.0891169387	3
46872	0.1988159708	0
46873	0.0943962071	11
46903	0.0296722158	0
46906	0.0477300822	1
46907	0.0092735114	0
46914	0.0961671083	0
46915	0.059388928	4
46916	0.0523504523	4
46933	0.3210585849	12
46942	0.0209800436	2
46943	0.0481549101	2
46961	0.0234234416	0
46983	0.0171146513	0
48037	0.1275457983	0
48038	0.1924587858	12
48869	0.1297094079	21
48870	0.2890798609	16
48878	0.07567793	3
50136	0.3917096862	24
50789	0.104866597	112
50793	0.1894703456	18
50794	0.1000167367	110
50801	0.07567793	3
50896	0.0997705759	62
51128	0.1608166051	20
51171	0.0530848095	22
51179	0.1788684651	235
51183	0.2975265042	10
51186	0.1490708046	22
51188	0.1429323249	22
51189	0.2137991725	10
51234	0.1659859302	198
51246	0.0840845885	2
51252	0.0504533412	25
51301	0.0839226479	16
51540	0.1119754639	16
51641	0.0398549736	0
51649	0.0303667418	0
51674	0.2890798609	16
51716	0.0948971122	68
52689	0.0586807172	2
55065	0.0457204594	4
55072	0.0523504523	4
55076	0.0457204594	4
55080	0.0401018069	4
55082	0.0899665977	3
55086	0.1865199828	48
55114	0.197500787	165
60089	0.0680961127	48
60255	0.0649073715	25
65003	0.0104759842	0
65007	0.1074747266	115
65008	0.098032858	24
70011	0.0382618956	0
70035	0.0764715264	2
70271	0.0121573887	0
71103	0.0337727718	2
71496	0.0192547923	0
71554	0.0955397922	18
1901661	0.0413044246	2
1901663	0.0413044246	2
