#GO function	AUPRC	# of gene families for which a GO function was predicted at Pr>=50%
104	0.3835074595	3
105	0.1214899066	14
160	0.0275876668	0
162	0.204303701	4
166	0.2644840262	195
270	0.0690851789	0
271	0.0484808503	2
902	0.1151811883	0
1514	0.0979059806	0
1539	0.1439993948	9
1882	0.2305512412	127
3676	0.1921225542	240
3677	0.0988183362	13
3700	0.0251388345	0
3723	0.2400608288	100
3735	0.2625171459	93
3755	0.0329559441	0
3774	0.1431100902	6
3824	0.7418194948	1768
3861	0.1521600549	4
3887	0.0128531574	0
3899	0.0104610321	0
3916	0.0856978607	0
3918	0.2721246644	1
3924	0.1051546783	1
3954	0.3576510316	22
3989	0.1573513254	5
4129	0.0719814536	6
4333	0.019808945	0
4371	0.0326390872	0
4375	0.0054300164	0
4386	0.06118	7
4553	0.0637579841	13
4774	0.1756776922	4
4775	0.1756776922	4
4803	0.0119704324	0
4812	0.2086724754	22
4820	0.0542287094	4
4871	0.0348700714	1
5198	0.196960957	91
5215	0.1343339822	94
5315	0.2377609522	4
5342	0.0191142474	0
5381	0.0303001079	0
5488	0.5231665287	1734
5507	0.0389124456	3
5515	0.0222881896	1
5524	0.2001693806	66
5622	0.3316349783	483
5623	0.3545158908	686
5694	0.0543506077	1
5737	0.3478837406	415
5829	0.0688256375	3
5840	0.2414589766	95
5886	0.0933687281	52
5975	0.1373069154	46
5976	0.0456723494	1
5996	0.0958970784	3
6022	0.0641237956	0
6023	0.2395057576	0
6024	0.2395057576	0
6063	0.1526555887	4
6064	0.1526555887	4
6066	0.0072420084	0
6071	0.0074887299	0
6081	0.304413414	12
6082	0.2787833329	152
6090	0.5204615304	12
6091	0.0767080157	1
6119	0.1055459023	0
6139	0.28827974	447
6152	0.0570786004	0
6163	0.1345845039	40
6164	0.2171921742	39
6184	0.0964168334	1
6188	0.4567994605	16
6189	0.4889063924	16
6195	0.0562661905	0
6200	0.0424297432	0
6259	0.0986087603	41
6260	0.0737126212	12
6261	0.0497375472	1
6265	0.0856978607	0
6281	0.1058358017	13
6304	0.0272559166	1
6305	0.0279384763	0
6306	0.0279384763	0
6310	0.0334102701	1
6313	0.0098431413	0
6351	0.0471006249	2
6355	0.0448866675	2
6396	0.1119486696	1
6399	0.2169145574	28
6400	0.079445357	1
6412	0.2659743719	141
6414	0.0829366069	0
6417	0.114000305	0
6418	0.4224534435	22
6426	0.075167989	4
6448	0.1763337848	1
6450	0.1763337848	1
6451	0.0979059806	0
6461	0.0619893081	6
6520	0.2906118967	118
6525	0.1073071922	1
6526	0.198763107	1
6536	0.106854834	4
6537	0.0766372892	4
6544	0.0489529764	0
6546	0.0618906217	0
6547	0.1757337057	14
6548	0.4726377515	0
6551	0.1045655615	3
6553	0.0645955399	0
6560	0.226841212	2
6561	0.3384394205	2
6568	0.1001710755	4
6576	0.0516433547	4
6586	0.1001710755	4
6605	0.0810592867	1
6629	0.0981159526	31
6631	0.0401351853	1
6633	0.0458229614	1
6643	0.115274385	2
6644	0.1715169791	24
6664	0.1345150087	2
6720	0.1688163534	14
6721	0.2282823756	13
6725	0.3453510804	604
6732	0.1460568146	30
6733	0.0463955649	2
6753	0.1698479083	65
6754	0.2480184572	17
6766	0.1971490764	27
6767	0.1971490764	27
6771	0.170405597	3
6772	0.0305949719	6
6777	0.2454575138	12
6778	0.0922531728	3
6779	0.1040856599	3
6783	0.0867824202	0
6790	0.0640665788	7
6793	0.2219702884	146
6796	0.2210528884	148
6807	0.4168252681	938
6810	0.1543840998	127
6811	0.0779741254	23
6812	0.0770105266	22
6817	0.1641983731	5
6818	0.1457716175	20
6820	0.0340048669	6
6865	0.0130726682	0
6873	0.0142479739	0
6875	0.0202675965	0
6879	0.0211342758	0
6886	0.0647022919	1
6928	0.1394043442	9
6950	0.0743066244	18
6974	0.1014574131	13
7049	0.0530940888	1
7059	0.0500280787	1
7154	0.0549266661	11
7165	0.0430812975	11
8026	0.0312993101	0
8094	0.0687012937	1
8104	0.0631124253	9
8137	0.246468755	4
8152	0.7393001446	1768
8233	0.0407415238	2
8299	0.1688163534	14
8324	0.0843135656	28
8360	0.1531958384	0
8410	0.1651487827	4
8509	0.0233438845	0
8514	0.019883206	1
8565	0.0155808861	0
8610	0.1181507589	30
8616	0.1305151329	0
8643	0.0185769359	1
8652	0.3040686204	75
8653	0.0492962579	1
8654	0.1888258788	24
8746	0.0053001571	0
8750	0.0053001571	0
8901	0.4622768694	4
8940	0.1290491869	4
9055	0.0520893454	5
9056	0.1053097272	0
9057	0.0184924434	0
9058	0.3799924116	788
9059	0.1816395031	212
9063	0.0240340664	0
9064	0.1384767274	0
9069	0.0144680086	0
9071	0.0618906217	0
9072	0.1945419357	14
9073	0.2858570261	14
9081	0.1668343986	4
9082	0.1925222573	4
9084	0.3620799459	16
9085	0.0757571122	0
9089	0.0802141564	0
9095	0.1742756535	0
9098	0.1045655615	3
9103	0.0500662103	1
9108	0.1650070705	30
9110	0.2053466709	27
9112	0.1243782658	1
9116	0.1334284933	28
9117	0.1711406114	65
9119	0.1221485936	14
9123	0.1438995143	52
9124	0.2794640064	48
9125	0.0417944087	0
9126	0.1174732553	37
9127	0.2553675786	38
9128	0.0424297432	0
9141	0.0981793913	16
9142	0.1747974257	20
9143	0.0586420724	0
9144	0.0892954669	14
9145	0.1919650209	18
9146	0.0570786004	0
9150	0.1325122212	30
9152	0.224198545	37
9154	0.0568812328	0
9156	0.2772439934	48
9157	0.0365918522	0
9158	0.0424297432	0
9161	0.1448742085	52
9162	0.0175424083	0
9163	0.1719152328	20
9164	0.0608249966	0
9165	0.1760473739	58
9166	0.0562272471	0
9167	0.1174732553	37
9168	0.2553675786	38
9169	0.0424297432	0
9176	0.0365918522	0
9177	0.0365918522	0
9187	0.0325827938	3
9190	0.0331790175	3
9199	0.0937282379	15
9201	0.1885368324	17
9203	0.0570786004	0
9205	0.0892954669	14
9206	0.1919650209	18
9207	0.0570786004	0
9228	0.0350278297	6
9229	0.068061209	6
9231	0.170405597	3
9233	0.0815101893	6
9234	0.0815101893	6
9235	0.1667233496	14
9236	0.1667233496	14
9240	0.6922909685	12
9245	0.213445557	2
9247	0.1636844156	2
9252	0.2395057576	0
9259	0.1589550331	50
9260	0.2495279205	52
9261	0.0568812328	0
9262	0.0434528686	0
9273	0.199269583	0
9279	0.0359484789	1
9288	0.1231892792	11
9306	0.0355666491	3
9308	0.0312317452	4
9309	0.1147298073	4
9311	0.1109344237	1
9312	0.1342229529	1
9317	0.1573513254	5
9325	0.1290491869	4
9376	0.1491161987	4
9401	0.0278258485	0
9423	0.3078387165	4
9425	0.1034246817	0
9432	0.1477486393	2
9435	0.2869013678	3
9653	0.0707693722	0
9889	0.0536762956	2
9987	0.6292917094	1768
9991	0.0988228204	2
10467	0.1749372826	243
10468	0.0570197729	4
10556	0.0536762956	2
15002	0.066347794	6
15031	0.0528656687	6
15075	0.0818699475	23
15077	0.1152567895	26
15078	0.1404229948	26
15081	0.0112115058	0
15144	0.0251684025	1
15171	0.0065963696	0
15235	0.6014829492	10
15291	0.0251992482	4
15293	0.0171229535	0
15294	0.0106956448	0
15343	0.0868686211	0
15399	0.1054343452	30
15405	0.1054343452	30
15420	0.6512975806	10
15603	0.0868686211	0
15604	0.1774567954	0
15627	0.02776795	2
15628	0.02776795	2
15672	0.0959275482	20
15688	0.0843399419	0
15698	0.0675876	6
15711	0.0139936318	0
15716	0.1146992963	0
15849	0.0142343902	0
15891	0.0843399419	0
15925	0.2335066425	2
15930	0.0797244206	3
15936	0.0412161566	0
15937	0.0477169609	0
15939	0.0686636367	3
15940	0.0874178172	3
15942	0.3006658847	0
15980	0.0679302422	0
15985	0.2480184572	17
15986	0.2480184572	17
15988	0.1542821184	4
15991	0.1650064097	4
15992	0.1457716175	20
16020	0.2062794884	172
16021	0.1208819589	31
16043	0.0660203517	0
16051	0.0796968374	12
16052	0.0713541499	6
16053	0.2480195159	90
16054	0.0408617339	0
16070	0.107754263	48
16114	0.2282823756	13
16209	0.013628934	0
16310	0.0577992378	0
16405	0.1756776922	4
16421	0.1573513254	5
16462	0.1515895084	57
16469	0.2384336534	19
16491	0.1697245957	89
16627	0.0294383104	0
16638	0.0228488824	4
16642	0.0054300164	0
16651	0.1640041884	20
16652	0.0044870271	0
16655	0.2454115405	22
16661	0.0271328745	4
16675	0.0719814536	6
16676	0.0719814536	6
16695	0.4622768694	4
16699	0.4622768694	4
16730	0.2686965424	4
16740	0.2310044487	2
16758	0.0129437356	0
16779	0.0358790024	0
16782	0.1011520696	7
16783	0.0323200212	2
16787	0.2674094591	128
16798	0.0598722163	16
16817	0.1502267046	57
16818	0.1509048548	57
16820	0.1096423293	28
16829	0.0919068539	3
16838	0.1454226419	0
16849	0.0323152699	2
16859	0.0318020555	0
16874	0.1311438083	20
16875	0.2057035388	22
16876	0.2057035388	22
16877	0.0500559888	4
16878	0.0500559888	4
16879	0.1144664434	0
16881	0.068089682	0
16885	0.0653789176	6
16887	0.1019795881	25
17004	0.0928409993	6
17076	0.2337913415	148
17111	0.1486781158	69
18130	0.1795248911	182
18208	0.0329559441	0
19219	0.0474879799	2
19222	0.0623514412	4
19288	0.6922909685	12
19359	0.2160938088	3
19362	0.0604356257	2
19363	0.2160938088	3
19400	0.0120381997	0
19438	0.1700059267	142
19439	0.0654644695	0
19464	0.0470290887	0
19538	0.2050540553	167
19556	0.4726377515	0
19557	0.4726377515	0
19585	0.1526555887	4
19637	0.2182293539	136
19674	0.2160938088	3
19682	0.6922909685	12
19692	0.0138696627	0
19693	0.1613810693	52
19720	0.2454575138	12
19725	0.0162979437	0
19751	0.008920403	0
19752	0.2768262947	142
19829	0.2326186067	18
19843	0.3799996809	64
19867	0.0317091758	1
20037	0.0490843947	3
22603	0.1458919311	0
22604	0.1531958384	0
22607	0.0449972925	1
22613	0.0728697729	0
22804	0.0913169728	26
22857	0.0987891328	36
22890	0.0982033748	26
22891	0.0802411333	26
22892	0.0854321939	27
22900	0.0708322609	1
22904	0.074155786	0
30001	0.0241077372	1
30003	0.0202675965	0
30203	0.0690851789	0
30312	0.0300775929	2
30313	0.0316949304	2
30529	0.2388974519	96
30554	0.2065042497	66
31224	0.1212885016	31
31323	0.0556781552	2
31326	0.0536762956	2
31668	0.0988228204	2
31975	0.0316836845	2
32196	0.0097922937	0
32268	0.0935235253	0
32502	0.0545333112	0
32549	0.2298040844	128
32550	0.228284274	120
32553	0.2285219053	119
32555	0.2270269707	120
32559	0.2001335736	66
32787	0.0910908748	14
32989	0.1151811883	0
32991	0.1728599447	118
33036	0.0668004202	8
33692	0.0693762381	2
33865	0.0263160039	0
33866	0.0477169609	0
33875	0.0263160039	0
34030	0.0477169609	0
34032	0.0263160039	0
34033	0.0477169609	0
34061	0.0127401781	0
34062	0.0104610321	0
34622	0.0618783333	6
34641	0.3449773905	623
34654	0.1127551407	72
34655	0.0626993981	0
34660	0.211677352	34
40011	0.0663434541	9
40029	0.0279384763	0
42126	0.0799679755	4
42168	0.0745447365	0
42180	0.1113267838	6
42181	0.1312454583	6
42254	0.0728697729	0
42278	0.1029082907	14
42357	0.068061209	6
42364	0.2053466709	27
42401	0.1147298073	4
42430	0.1001710755	4
42435	0.204303701	4
42440	0.0456597689	0
42451	0.1734374162	22
42454	0.0576665538	0
42455	0.1752177009	20
42546	0.1914185889	0
42592	0.0188824164	0
42597	0.0122089391	0
42623	0.1217146813	30
42625	0.1781174896	18
42626	0.118239332	30
42723	0.0305949719	6
42724	0.0350278297	6
42726	0.170405597	3
42727	0.170405597	3
42773	0.1199293975	0
42777	0.5189377815	18
42822	0.0485687864	3
42823	0.0485687864	3
42927	0.0843399419	0
42995	0.0676085371	7
43038	0.4224534435	22
43039	0.4224534435	22
43167	0.3824773121	414
43168	0.266766393	140
43169	0.1922719493	14
43170	0.3217486093	549
43226	0.1611680711	114
43228	0.1691690273	114
43229	0.1614289933	114
43232	0.1691690273	114
43234	0.0929224602	30
43412	0.0644334679	2
43436	0.28043106	153
43492	0.118239332	30
43545	0.2454575138	12
43603	0.0459186037	1
43623	0.0664930597	6
43648	0.1330974532	3
43650	0.200723369	7
43933	0.0488198817	6
44038	0.2080255773	0
44085	0.0866056105	5
44237	0.5711179568	1768
44238	0.5428270527	1721
44248	0.0826343794	0
44249	0.3620979583	748
44255	0.1108241124	31
44260	0.29131413	494
44262	0.0521282536	1
44264	0.0645381433	1
44267	0.2173479087	158
44270	0.066954734	0
44271	0.1680302232	134
44272	0.0705713767	6
44391	0.1983168235	10
44422	0.0982891741	7
44424	0.3430069566	487
44425	0.1328094236	73
44444	0.1950115064	95
44445	0.2424397611	4
44446	0.0999188928	10
44461	0.1490324174	7
44462	0.0338890427	2
44463	0.1490324174	7
44464	0.3545158908	686
45184	0.0631124253	9
45226	0.0290890027	0
45259	0.1380302382	13
45261	0.4072573025	9
45333	0.0736031887	0
46034	0.0766907928	15
46039	0.0894438151	1
46040	0.4567994605	16
46112	0.2505820587	1
46116	0.1305151329	0
46128	0.1027721886	14
46129	0.1734374162	22
46130	0.0570786004	0
46148	0.0506364176	0
46219	0.204303701	4
46365	0.1412232329	6
46379	0.0290890027	0
46390	0.2476734186	52
46394	0.2494183674	90
46395	0.0408617339	0
46417	0.155176849	4
46434	0.0557301099	0
46451	0.0802141564	0
46467	0.1636844156	2
46483	0.3493047764	668
46490	0.6922909685	12
46493	0.213445557	2
46496	0.0604356257	2
46700	0.0682895194	0
46872	0.1903083789	15
46873	0.0229307408	0
46903	0.0345289332	3
46906	0.0439730941	4
46907	0.0647022919	1
46914	0.0837090957	3
46915	0.014516735	0
46916	0.0202675965	0
46933	0.4813315245	18
46942	0.0142343902	0
46943	0.0191142474	0
46961	0.2590662096	3
46983	0.0460612415	2
48037	0.0981126945	11
48038	0.15963993	13
48869	0.0707693722	0
48870	0.1439993948	9
48878	0.0164087128	0
50136	0.3576510316	22
50789	0.0933943083	32
50793	0.1427100996	0
50794	0.0875537708	33
50801	0.0164087128	0
50896	0.0859242311	18
51128	0.0935917142	0
51171	0.0474879799	2
51179	0.1663826721	165
51183	0.2661092906	10
51186	0.1600229749	40
51188	0.1710642654	45
51189	0.2359577069	12
51234	0.1566494407	129
51246	0.0935235253	0
51252	0.0450036784	2
51301	0.0603763477	10
51540	0.0855519233	0
51641	0.0464241586	3
51649	0.0386303308	3
51674	0.1439993948	9
51716	0.0783563642	26
52689	0.0586764115	3
55065	0.0175792446	0
55072	0.0202675965	0
55076	0.0175792446	0
55080	0.0167627802	0
55082	0.0142479739	0
55086	0.1831899202	70
55114	0.1770175723	100
60089	0.0347852885	1
60255	0.0597730948	4
65003	0.0601963531	6
65007	0.0961925928	32
65008	0.0557084579	0
70011	0.0351381346	4
70035	0.0312993101	0
70271	0.0619893081	6
71103	0.0413324995	1
71496	0.0988228204	2
71554	0.0501960104	0
1901661	0.1312454583	6
1901663	0.1312454583	6
